    x             y
400    -0.000461257
399.8  -0.000473117
399.6  -0.000479468
399.4  -0.000467608
399.2  -0.000452677
399    -0.000433455
398.8  -0.000419963
398.6  -0.000430935
398.4  -0.000441345
398.2  -0.00042591
398    -0.000409769
397.8  -0.000390846
397.6  -0.000358781
397.4  -0.000315921
397.2  -0.000273152
397    -0.00023028
396.8  -0.000176693
396.6  -0.000144265
396.4  -0.000123598
396.2  -7.95588e-05
396    -6.14053e-05
395.8  -9.90051e-05
395.6  -0.000172375
395.4  -0.000249842
395.2  -0.000305106
395    -0.000347021
394.8  -0.000381358
394.6  -0.000416404
394.4  -0.000451046
394.2  -0.000463271
394    -0.000445898
393.8  -0.000420182
393.6  -0.00039675
393.4  -0.000377399
393.2  -0.000357744
393    -0.000326541
392.8  -0.000307621
392.6  -0.000312568
392.4  -0.000312256
392.2  -0.000312624
392    -0.00031274
391.8  -0.000315832
391.6  -0.00033688
391.4  -0.000356074
391.2  -0.0003626
391    -0.000374913
390.8  -0.000379489
390.6  -0.000381493
390.4  -0.000398226
390.2  -0.000391898
390    -0.000363967
389.8  -0.000328478
389.6  -0.000321881
389.4  -0.000348878
389.2  -0.000351333
389    -0.000321054
388.8  -0.000294403
388.6  -0.00029354
388.4  -0.000321042
388.2  -0.000351242
388    -0.000364535
387.8  -0.000352229
387.6  -0.000321229
387.4  -0.000299629
387.2  -0.000315256
387    -0.000333464
386.8  -0.000279323
386.6  -0.000204669
386.4  -0.000172304
386.2  -0.000152759
386    -0.000144678
385.8  -0.000143601
385.6  -0.000140368
385.4  -0.000124317
385.2  -0.000121152
385    -0.000160695
384.8  -0.000204607
384.6  -0.000219233
384.4  -0.000203688
384.2  -0.000196251
384    -0.000182892
383.8  -0.000176612
383.6  -0.000193867
383.4  -0.000182518
383.2  -0.000162107
383    -0.000140416
382.8  -9.75495e-05
382.6  -9.25231e-05
382.4  -9.72903e-05
382.2  -0.000101525
382    -8.47313e-05
381.8  -4.58375e-05
381.6  -2.75774e-05
381.4  -1.14119e-05
381.2   7.95534e-06
381     2.52492e-05
380.8   2.94798e-05
380.6   5.3842e-05
380.4   8.86532e-05
380.2   9.52312e-05
380     9.59038e-05
379.8   0.000104823
379.6   9.92313e-05
379.4   8.02197e-05
379.2   5.10708e-05
379     4.68542e-05
378.8   5.72041e-05
378.6   7.61103e-05
378.4   0.000101513
378.2   9.72894e-05
378     7.80883e-05
377.8   8.92154e-05
377.6   0.000136266
377.4   0.000163203
377.2   0.000183131
377     0.000209801
376.8   0.000201211
376.6   0.000185786
376.4   0.000201863
376.2   0.000240455
376     0.000265678
375.8   0.000268813
375.6   0.000288425
375.4   0.000276946
375.2   0.000253846
375     0.000274748
374.8   0.000308053
374.6   0.000333113
374.4   0.000328322
374.2   0.00032272
374     0.000318224
373.8   0.00028955
373.6   0.000282789
373.4   0.000296299
373.2   0.000296961
373     0.000276127
372.8   0.000259488
372.6   0.000264143
372.4   0.000248414
372.2   0.000222077
372     0.000225758
371.8   0.000252443
371.6   0.000247207
371.4   0.000213332
371.2   0.000215271
371     0.000227543
370.8   0.00024612
370.6   0.000283267
370.4   0.000339587
370.2   0.000385565
370     0.000413523
369.8   0.000439093
369.6   0.000461016
369.4   0.00048448
369.2   0.000508689
369     0.000512607
368.8   0.000532713
368.6   0.000512881
368.4   0.000472799
368.2   0.000481096
368     0.000511446
367.8   0.000525372
367.6   0.000530172
367.4   0.000545838
367.2   0.000546845
367     0.000532024
366.8   0.000529299
366.6   0.000553149
366.4   0.000553939
366.2   0.000526214
366     0.000550064
365.8   0.000574061
365.6   0.000552715
365.4   0.000552476
365.2   0.000559665
365     0.000565652
364.8   0.000565267
364.6   0.000565457
364.4   0.000564883
364.2   0.00054768
364     0.000533502
363.8   0.000516305
363.6   0.000504343
363.4   0.000505063
363.2   0.000514625
363     0.000521648
362.8   0.000503472
362.6   0.00051218
362.4   0.00052436
362.2   0.000517285
362     0.000560427
361.8   0.00060098
361.6   0.00060564
361.4   0.000602843
361.2   0.000608423
361     0.000640231
360.8   0.000659833
360.6   0.000674904
360.4   0.00069203
360.2   0.000686233
360     0.000687267
359.8   0.000717935
359.6   0.000751589
359.4   0.000779235
359.2   0.000795135
359     0.000789664
358.8   0.000785298
358.6   0.000783963
358.4   0.000781165
358.2   0.00076607
358     0.000726675
357.8   0.000725009
357.6   0.000728226
357.4   0.000710602
357.2   0.000714049
357     0.000732084
356.8   0.000765921
356.6   0.000782353
356.4   0.000797153
356.2   0.000824869
356     0.000826382
355.8   0.000826809
355.6   0.000811885
355.4   0.000818736
355.2   0.000840178
355     0.000872875
354.8   0.00092575
354.6   0.000948576
354.4   0.000955728
354.2   0.00095904
354     0.000995459
353.8   0.00106421
353.6   0.00107482
353.4   0.00106132
353.2   0.00103246
353     0.00101563
352.8   0.00103751
352.6   0.00104876
352.4   0.00107333
352.2   0.0010864
352     0.00110312
351.8   0.00113717
351.6   0.00116742
351.4   0.00119248
351.2   0.00118917
351     0.00119054
350.8   0.0012342
350.6   0.001266
350.4   0.00125534
350.2   0.00123577
350     0.00124015
349.8   0.00121268
349.6   0.00117768
349.4   0.00117663
349.2   0.00116147
349     0.0011315
348.8   0.00111055
348.6   0.00111638
348.4   0.00112218
348.2   0.00110801
348     0.00113562
347.8   0.00116531
347.6   0.001179
347.4   0.00122507
347.2   0.00124767
347     0.00124801
346.8   0.00123796
346.6   0.00121204
346.4   0.00121356
346.2   0.00122318
346     0.00124295
345.8   0.00125536
345.6   0.00121431
345.4   0.0011763
345.2   0.00118168
345     0.00123225
344.8   0.00127445
344.6   0.00130404
344.4   0.00131951
344.2   0.00130064
344     0.00131486
343.8   0.00137136
343.6   0.00144205
343.4   0.00148414
343.2   0.00148082
343     0.00148394
342.8   0.0014562
342.6   0.00143249
342.4   0.00144344
342.2   0.00144295
342     0.00144104
341.8   0.00144086
341.6   0.0014594
341.4   0.00144342
341.2   0.00142303
341     0.00148292
340.8   0.00151732
340.6   0.0015354
340.4   0.00155014
340.2   0.00156075
340     0.0015969
339.8   0.00158044
339.6   0.0015698
339.4   0.00157958
339.2   0.0015558
339     0.00156112
338.8   0.00156664
338.6   0.00157367
338.4   0.00158732
338.2   0.00159128
338     0.00160957
337.8   0.00163431
337.6   0.00165929
337.4   0.00168717
337.2   0.00170828
337     0.00173802
336.8   0.00177121
336.6   0.00178207
336.4   0.00176856
336.2   0.00174712
336     0.00175233
335.8   0.00177452
335.6   0.00178509
335.4   0.00179337
335.2   0.00181963
335     0.00181708
334.8   0.00179175
334.6   0.00179618
334.4   0.00182076
334.2   0.00184765
334     0.00186923
333.8   0.00185792
333.6   0.00185205
333.4   0.00186373
333.2   0.00191283
333     0.00200977
332.8   0.00205006
332.6   0.00206448
332.4   0.00209107
332.2   0.00210466
332     0.00212621
331.8   0.00213978
331.6   0.00214633
331.4   0.00214419
331.2   0.00207856
331     0.00202835
330.8   0.00205074
330.6   0.00208538
330.4   0.00213511
330.2   0.0021967
330     0.00222393
329.8   0.002209
329.6   0.00222494
329.4   0.00227911
329.2   0.00233309
329     0.00233831
328.8   0.00231131
328.6   0.00229958
328.4   0.00230932
328.2   0.00231563
328     0.00232195
327.8   0.00232779
327.6   0.00232995
327.4   0.00231631
327.2   0.00231404
327     0.00233033
326.8   0.00229703
326.6   0.00227071
326.4   0.00229299
326.2   0.00229451
326     0.00223666
325.8   0.00220126
325.6   0.00221273
325.4   0.00226156
325.2   0.00231633
325     0.00236413
324.8   0.0023897
324.6   0.0023958
324.4   0.00245709
324.2   0.00254967
324     0.00260264
323.8   0.00265606
323.6   0.00269816
323.4   0.00270374
323.2   0.00273033
323     0.00273777
322.8   0.00271524
322.6   0.00270172
322.4   0.0027195
322.2   0.00276045
322     0.00277679
321.8   0.00278219
321.6   0.0028034
321.4   0.00281089
321.2   0.00284223
321     0.00290742
320.8   0.00293617
320.6   0.00292312
320.4   0.00292572
320.2   0.00297147
320     0.00300019
319.8   0.00300625
319.6   0.00303841
319.4   0.00305791
319.2   0.00310013
319     0.00314389
318.8   0.00319067
318.6   0.0032489
318.4   0.00322458
318.2   0.0032407
318     0.00328769
317.8   0.00331317
317.6   0.00337485
317.4   0.00340964
317.2   0.00343151
317     0.00344523
316.8   0.0034529
316.6   0.00351394
316.4   0.00353884
316.2   0.00356879
316     0.00360788
315.8   0.0035916
315.6   0.00355656
315.4   0.00352432
315.2   0.00352739
315     0.00353009
314.8   0.00352779
314.6   0.00353523
314.4   0.00352293
314.2   0.0034945
314     0.00350685
313.8   0.00357364
313.6   0.0036631
313.4   0.00372655
313.2   0.00376932
313     0.00382606
312.8   0.00386061
312.6   0.00390775
312.4   0.00399447
312.2   0.0040568
312     0.00407406
311.8   0.00407038
311.6   0.0040695
311.4   0.00407313
311.2   0.00407894
311     0.00409363
310.8   0.00409815
310.6   0.00409954
310.4   0.00410288
310.2   0.00414695
310     0.00425195
309.8   0.00433983
309.6   0.00439148
309.4   0.00442215
309.2   0.00447829
309     0.00456618
308.8   0.00463776
308.6   0.00469595
308.4   0.00472564
308.2   0.0047344
308     0.00473508
307.8   0.00473333
307.6   0.00473291
307.4   0.00472393
307.2   0.00469341
307     0.00467326
306.8   0.00469338
306.6   0.00471512
306.4   0.00471974
306.2   0.00474227
306     0.00480491
305.8   0.004887
305.6   0.00495459
305.4   0.00500096
305.2   0.00502742
305     0.00502799
304.8   0.00505281
304.6   0.00512027
304.4   0.00518169
304.2   0.00519466
304     0.00515959
303.8   0.0051415
303.6   0.00516416
303.4   0.00520391
303.2   0.00524961
303     0.00527794
302.8   0.00529028
302.6   0.00530541
302.4   0.00535358
302.2   0.0054303
302     0.00548008
301.8   0.00550511
301.6   0.00553066
301.4   0.00554292
301.2   0.0055529
301     0.0055627
300.8   0.00558294
300.6   0.00559285
300.4   0.00558178
300.2   0.00561289
300     0.005659
299.8   0.00568785
299.6   0.00574044
299.4   0.00578845
299.2   0.00580769
299     0.00581877
298.8   0.00586072
298.6   0.00595513
298.4   0.00602042
298.2   0.00604248
298     0.00605052
297.8   0.00604732
297.6   0.00606952
297.4   0.00608506
297.2   0.00609785
297     0.00613423
296.8   0.00613341
296.6   0.00609744
296.4   0.00609782
296.2   0.00613498
296     0.00619682
295.8   0.0062153
295.6   0.00622474
295.4   0.00626764
295.2   0.00627121
295     0.00629397
294.8   0.00635609
294.6   0.00642947
294.4   0.00648478
294.2   0.00649681
294     0.00653002
293.8   0.00656564
293.6   0.00655045
293.4   0.00655028
293.2   0.00658287
293     0.00661068
292.8   0.00659416
292.6   0.00658834
292.4   0.00661249
292.2   0.00663273
292     0.00666833
291.8   0.00674178
291.6   0.00679353
291.4   0.00678557
291.2   0.00678836
291     0.00680734
290.8   0.0068401
290.6   0.00684235
290.4   0.00684072
290.2   0.00687256
290     0.00686256
289.8   0.00684844
289.6   0.0068868
289.4   0.00692746
289.2   0.0069607
289     0.00698847
288.8   0.00704324
288.6   0.0071062
288.4   0.00712042
288.2   0.00713248
288     0.00716261
287.8   0.00716351
287.6   0.0071867
287.4   0.00725278
287.2   0.00727465
287     0.00726214
286.8   0.00727393
286.6   0.00730939
286.4   0.00736275
286.2   0.00741924
286     0.00749243
285.8   0.0075426
285.6   0.00755828
285.4   0.00760228
285.2   0.00768761
285     0.00775562
284.8   0.00777467
284.6   0.0078123
284.4   0.00786813
284.2   0.00790578
284     0.00794212
283.8   0.00796829
283.6   0.00799896
283.4   0.00803718
283.2   0.00807595
283     0.00816162
282.8   0.0082256
282.6   0.00827024
282.4   0.00833504
282.2   0.0083615
282     0.00839592
281.8   0.00847006
281.6   0.00854877
281.4   0.00861488
281.2   0.00866471
281     0.0087285
280.8   0.00879802
280.6   0.00883838
280.4   0.00889433
280.2   0.00897177
280     0.00901854
279.8   0.00904492
279.6   0.00906755
279.4   0.00908598
279.2   0.00910818
279     0.00912394
278.8   0.00914672
278.6   0.00919449
278.4   0.00922768
278.2   0.00923151
278     0.00925076
277.8   0.00930286
277.6   0.00936492
277.4   0.00942042
277.2   0.00948876
277     0.00956288
276.8   0.00961112
276.6   0.00968409
276.4   0.009791
276.2   0.00988513
276     0.00996667
275.8   0.0100413
275.6   0.0101357
275.4   0.0102433
275.2   0.0103621
275     0.0105016
274.8   0.0106244
274.6   0.0107186
274.4   0.0108033
274.2   0.0109091
274     0.0110367
273.8   0.0111465
273.6   0.0112488
273.4   0.0113588
273.2   0.0114591
273     0.0115618
272.8   0.011711
272.6   0.0118996
272.4   0.012059
272.2   0.0122147
272     0.0123762
271.8   0.0125428
271.6   0.0127233
271.4   0.0129341
271.2   0.0131827
271     0.013429
270.8   0.0136886
270.6   0.0140228
270.4   0.014388
270.2   0.0147878
270     0.0152325
269.8   0.0157098
269.6   0.0162245
269.4   0.0167477
269.2   0.0172606
269     0.0177506
268.8   0.0182095
268.6   0.0186313
268.4   0.0190251
268.2   0.0193553
268     0.0196093
267.8   0.019775
267.6   0.019884
267.4   0.0200067
267.2   0.0201307
267     0.020232
266.8   0.0203559
266.6   0.0205491
266.4   0.0208232
266.2   0.0211634
266     0.0215854
265.8   0.0220506
265.6   0.0225522
265.4   0.0230854
265.2   0.0236291
265     0.0241876
264.8   0.0246531
264.6   0.0250305
264.4   0.0253393
264.2   0.0255659
264     0.0257435
263.8   0.0258128
263.6   0.0258178
263.4   0.0258212
263.2   0.0257876
263     0.0257394
262.8   0.0256989
262.6   0.025677
262.4   0.0256892
262.2   0.0257095
262     0.0257705
261.8   0.0258846
261.6   0.0259896
261.4   0.0260859
261.2   0.0262045
261     0.0263326
260.8   0.0265103
260.6   0.0267437
260.4   0.0270072
260.2   0.0273133
260     0.0276371
259.8   0.0279739
259.6   0.0283425
259.4   0.0287601
259.2   0.0291979
259     0.0295894
258.8   0.0299134
258.6   0.0301953
258.4   0.0304139
258.2   0.0305306
258     0.030564
257.8   0.0305262
257.6   0.0304015
257.4   0.0301846
257.2   0.0298933
257     0.0295898
256.8   0.0292889
256.6   0.0289777
256.4   0.0286674
256.2   0.0283675
256     0.0281009
255.8   0.0278733
255.6   0.0276989
255.4   0.0275724
255.2   0.0274597
255     0.0273471
254.8   0.0272608
254.6   0.0272648
254.4   0.0273187
254.2   0.0273761
254     0.0274541
253.8   0.0275328
253.6   0.0276333
253.4   0.0277607
253.2   0.0279143
253     0.0280735
252.8   0.0281835
252.6   0.0282569
252.4   0.0282889
252.2   0.0282666
252     0.028202
251.8   0.028105
251.6   0.0279451
251.4   0.0277272
251.2   0.0274976
251     0.0272334
250.8   0.0269403
250.6   0.0266644
250.4   0.0263806
250.2   0.0260973
250     0.0258286
249.8   0.0256201
249.6   0.0254637
249.4   0.0252937
249.2   0.0251555
249     0.0250716
248.8   0.025004
248.6   0.0249644
248.4   0.0249876
248.2   0.0250148
248     0.025006
247.8   0.0249874
247.6   0.0249632
247.4   0.0249172
247.2   0.0248407
247     0.0247649
246.8   0.0247117
246.6   0.0246083
246.4   0.024474
246.2   0.0243316
246     0.0242023
245.8   0.0240955
245.6   0.0239814
245.4   0.0239285
245.2   0.0238683
245     0.0237674
244.8   0.0236993
244.6   0.0236662
244.4   0.0236715
244.2   0.0236551
244     0.023643
243.8   0.0236831
243.6   0.0237092
243.4   0.0237689
243.2   0.0238576
243     0.0239558
242.8   0.0240664
242.6   0.0241679
242.4   0.0242814
242.2   0.0243768
242     0.0244544
241.8   0.0245395
241.6   0.0246009
241.4   0.0246691
241.2   0.0247415
241     0.0247956
240.8   0.0248385
240.6   0.0248996
240.4   0.0250177
240.2   0.0251493
240     0.0252771
239.8   0.0253851
239.6   0.0254794
239.4   0.0256177
239.2   0.0258058
239     0.0259947
238.8   0.026182
238.6   0.026345
238.4   0.0265127
238.2   0.0267231
238     0.0269813
237.8   0.027269
237.6   0.027542
237.4   0.027792
237.2   0.0280727
237     0.0283696
236.8   0.0286725
236.6   0.0289712
236.4   0.0292279
236.2   0.0295301
236     0.0298427
235.8   0.0301464
235.6   0.0304771
235.4   0.0308101
235.2   0.0311662
235     0.0315239
234.8   0.0318973
234.6   0.0322994
234.4   0.0326799
234.2   0.0330709
234     0.0334654
233.8   0.0338801
233.6   0.0343123
233.4   0.0347314
233.2   0.0351893
233     0.0356732
232.8   0.0361613
232.6   0.0366775
232.4   0.0372241
232.2   0.037762
232     0.0382977
231.8   0.0388676
231.6   0.0394541
231.4   0.0400462
231.2   0.0406711
231     0.0413299
230.8   0.0419901
230.6   0.0426456
230.4   0.0433607
230.2   0.0441321
230     0.0448959
229.8   0.0456859
229.6   0.0465181
229.4   0.0473478
229.2   0.0482168
229     0.0491566
228.8   0.050136
228.6   0.0511446
228.4   0.0521831
228.2   0.0533081
228     0.0545211
227.8   0.0557789
227.6   0.0571273
227.4   0.0585672
227.2   0.0600659
227     0.0616558
226.8   0.063393
226.6   0.0653025
226.4   0.067301
226.2   0.0694164
226     0.071728
225.8   0.0742213
225.6   0.0768974
225.4   0.079777
225.2   0.0829129
225     0.0862679
224.8   0.0898188
224.6   0.0936978
224.4   0.0979397
224.2   0.10254
224     0.107506
223.8   0.112855
223.6   0.118639
223.4   0.124884
223.2   0.13165
223     0.138939
222.8   0.146732
222.6   0.15503
222.4   0.163869
222.2   0.17329
222     0.183268
221.8   0.193797
221.6   0.204826
221.4   0.216323
221.2   0.228331
221     0.240775
220.8   0.253579
220.6   0.266668
220.4   0.280007
220.2   0.293574
220     0.307257
219.8   0.321032
219.6   0.334795
219.4   0.348406
219.2   0.361888
219     0.375197
218.8   0.388287
218.6   0.401117
218.4   0.413652
218.2   0.425934
218     0.437935
217.8   0.449687
217.6   0.461268
217.4   0.472663
217.2   0.483881
217     0.494997
216.8   0.506027
216.6   0.516955
216.4   0.527794
216.2   0.538536
216     0.549189
215.8   0.559751
215.6   0.570229
215.4   0.580677
215.2   0.591023
215     0.601256
214.8   0.611472
214.6   0.621669
214.4   0.631847
214.2   0.642003
214     0.65212
213.8   0.662263
213.6   0.672384
213.4   0.682531
213.2   0.692743
213     0.702959
212.8   0.713177
212.6   0.723326
212.4   0.733476
212.2   0.743615
212     0.753627
211.8   0.763469
211.6   0.773037
211.4   0.782284
211.2   0.791186
211     0.79962
210.8   0.807619
210.6   0.815135
210.4   0.822075
210.2   0.828456
210     0.834309
209.8   0.839758
209.6   0.844827
209.4   0.84947
209.2   0.853827
209     0.857992
208.8   0.861943
208.6   0.865788
208.4   0.869582
208.2   0.873337
208     0.877049
207.8   0.88073
207.6   0.88442
207.4   0.888072
207.2   0.891632
207     0.895089
206.8   0.89841
206.6   0.901628
206.4   0.904704
206.2   0.907534
206     0.910058
205.8   0.912377
205.6   0.914617
205.4   0.916817
205.2   0.919054
205     0.921369
204.8   0.923773
204.6   0.92638
204.4   0.929311
204.2   0.932678
204     0.936456
203.8   0.940653
203.6   0.945235
203.4   0.950237
203.2   0.955781
203     0.96189
202.8   0.968634
202.6   0.975973
202.4   0.983888
202.2   0.992562
202     1.00197
201.8   1.01211
201.6   1.02301
201.4   1.0348
201.2   1.04763
201     1.0615
200.8   1.07646
200.6   1.09267
200.4   1.11007
200.2   1.12878
200     1.14915
199.8   1.17123
199.6   1.19515
199.4   1.22076
199.2   1.24812
199     1.2774
198.8   1.30846
198.6   1.34113
198.4   1.37521
198.2   1.41028
198     1.44576
197.8   1.48028
197.6   1.51165
197.4   1.53728
197.2   1.55339
197     1.55463
196.8   1.53468
196.6   1.48787
196.4   1.41139
196.2   1.30931
196     1.19381
195.8   1.07324
195.6   0.951728
195.4   0.833379
195.2   0.725092
195     0.634567
194.8   0.566409
194.6   0.525955
194.4   0.510543
194.2   0.50812
194     0.512892
193.8   0.521826
193.6   0.53238
193.4   0.542186
193.2   0.54844
193     0.550584
192.8   0.546726
192.6   0.535799
192.4   0.519354
192.2   0.496247
192     0.468741
191.8   0.441289
191.6   0.414573
191.4   0.390466
191.2   0.370993
191     0.354541
190.8   0.340391
190.6   0.329545
190.4   0.322675
190.2   0.318859
190     0.315624