    x             y
350     0.000225941
349.8   0.000239507
349.6   0.000239922
349.4   0.000228164
349.2   0.000204604
349     0.000168073
348.8   0.000125324
348.6   8.83252e-05
348.4   5.18341e-05
348.2   1.08775e-05
348    -2.76995e-05
347.8  -7.51444e-05
347.6  -0.000129838
347.4  -0.000189962
347.2  -0.000206119
347    -0.000155619
346.8  -0.000126432
346.6  -0.000115787
346.4  -0.000121263
346.2  -0.00012973
346    -0.000119178
345.8  -0.000104745
345.6  -8.08617e-05
345.4  -5.13888e-05
345.2  -2.1513e-05
345     1.03591e-05
344.8   3.49027e-05
344.6   7.05348e-05
344.4   0.000120045
344.2   0.000183934
344     0.000264054
343.8   0.000218096
343.6   0.000156573
343.4   9.10824e-05
343.2   2.22651e-05
343    -4.94635e-05
342.8  -9.76024e-05
342.6  -0.000129108
342.4  -0.000146525
342.2  -0.000150241
342    -0.000142127
341.8  -0.000137985
341.6  -0.000135047
341.4  -0.000116257
341.2  -9.09846e-05
341    -7.70369e-05
340.8  -5.27273e-05
340.6  -2.08495e-05
340.4  -4.52003e-05
340.2  -6.5111e-05
340    -8.06317e-05
339.8  -8.72681e-05
339.6  -8.5184e-05
339.4  -7.27866e-05
339.2  -5.15196e-05
339    -3.3521e-05
338.8  -6.95131e-06
338.6   2.99488e-05
338.4   7.43655e-05
338.2   0.000132744
338     0.000190577
337.8   0.000169905
337.6   6.92751e-05
337.4  -2.40648e-05
337.2  -9.56578e-05
337    -0.000132723
336.8  -0.000131323
336.6  -0.00010521
336.4  -6.66733e-05
336.2  -1.06486e-05
336     6.69637e-05
335.8   0.000153569
335.6   0.000241242
335.4   0.000318258
335.2   0.000378373
335     0.000427334
334.8   0.000471386
334.6   0.000506671
334.4   0.000531314
334.2   0.000535681
334     0.000520871
333.8   0.000481718
333.6   0.000455082
333.4   0.000409685
333.2   0.000338308
333     0.000246007
332.8   0.000126249
332.6   0.000127685
332.4   0.000184497
332.2   0.000207166
332     0.0001947
331.8   0.000154286
331.6   9.73309e-05
331.4   2.0669e-05
331.2  -2.3715e-05
331     1.01012e-05
330.8   1.14074e-05
330.6  -1.09036e-05
330.4  -3.5951e-05
330.2  -6.2833e-05
330    -8.65806e-05
329.8  -0.000118342
329.6  -0.000156744
329.4  -0.000191766
329.2  -0.000218011
329    -0.000223674
328.8  -0.000211116
328.6  -0.000196233
328.4  -0.000166474
328.2  -0.000110121
328    -1.7784e-05
327.8   0.000127658
327.6   0.0003164
327.4   0.000539926
327.2   0.000513262
327     0.000475989
326.8   0.000422215
326.6   0.000350754
326.4   0.000267575
326.2   0.000184496
326     0.000119361
325.8   6.94575e-05
325.6   2.71315e-05
325.4  -1.3577e-05
325.2  -4.41782e-05
325    -7.04042e-05
324.8  -7.92381e-05
324.6  -7.14342e-05
324.4  -6.45024e-05
324.2  -5.22089e-05
324    -3.17963e-05
323.8   9.56303e-06
323.6   8.71376e-05
323.4   0.000179844
323.2   0.000267358
323     0.000332774
322.8   0.000349675
322.6   0.000324303
322.4   0.000251207
322.2   0.000173452
322     0.000107832
321.8   6.40343e-05
321.6   4.28296e-05
321.4   3.78528e-05
321.2   4.4503e-05
321     5.6926e-05
320.8   7.59486e-05
320.6   0.000109244
320.4   0.000152227
320.2   0.000202662
320     0.000246341
319.8   0.000266113
319.6   0.000262119
319.4   0.000228454
319.2   0.000250279
319     0.000282701
318.8   0.00027612
318.6   0.000224355
318.4   0.00014153
318.2   5.53221e-05
318    -2.1923e-05
317.8  -7.622e-05
317.6  -9.91398e-05
317.4  -0.000101631
317.2  -0.000107161
317    -0.000106004
316.8  -0.000109119
316.6  -0.000108132
316.4  -9.29011e-05
316.2  -7.19309e-05
316    -5.03785e-05
315.8  -2.83758e-05
315.6  -6.67512e-06
315.4   2.19497e-05
315.2   5.36721e-05
315     9.99602e-05
314.8   0.000174507
314.6   0.000272453
314.4   0.000254316
314.2   0.000173492
314     0.000123283
313.8   9.45534e-05
313.6   8.69142e-05
313.4   9.91354e-05
313.2   0.000108471
313     0.000112088
312.8   0.000117493
312.6   0.000111031
312.4   0.000117165
312.2   0.000147151
312     0.000179716
311.8   0.000218423
311.6   0.000239884
311.4   0.000234487
311.2   0.000221218
311     0.000239976
310.8   0.00023699
310.6   0.000205105
310.4   0.000142348
310.2   4.66938e-05
310     1.8433e-05
309.8   9.00736e-05
309.6   0.000140021
309.4   0.000171294
309.2   0.000187034
309     0.000182236
308.8   0.000172637
308.6   0.000154225
308.4   0.000128002
308.2   0.000111253
308     9.66928e-05
307.8   8.80577e-05
307.6   9.46525e-05
307.4   0.000100497
307.2   0.000109283
307     0.000108656
306.8   9.48881e-05
306.6   9.22702e-05
306.4   2.78615e-06
306.2  -6.53116e-05
306    -0.000106678
305.8  -0.000114988
305.6  -8.2482e-05
305.4  -1.12856e-05
305.2   9.68056e-05
305     0.000228607
304.8   0.000319082
304.6   0.000233674
304.4   0.000159457
304.2   0.000101808
304     7.82335e-05
303.8   7.57697e-05
303.6   9.39244e-05
303.4   0.000130365
303.2   0.000167798
303     0.000216371
302.8   0.000258951
302.6   0.000290674
302.4   0.000325129
302.2   0.000346122
302     0.000381684
301.8   0.00043207
301.6   0.000478262
301.4   0.000506125
301.2   0.000509741
301     0.000487447
300.8   0.000434133
300.6   0.000344302
300.4   0.000323394
300.2   0.00030957
300     0.000282108
299.8   0.000262992
299.6   0.000251261
299.4   0.000243323
299.2   0.000226987
299     0.000185412
298.8   0.00012238
298.6   8.24402e-05
298.4   0.0001197
298.2   0.000158086
298     0.000193869
297.8   0.000227915
297.6   0.000255979
297.4   0.00026508
297.2   0.000257926
297     0.000225841
296.8   0.000186747
296.6   0.000149037
296.4   0.000136579
296.2   0.000152802
296     0.000108361
295.8   7.5896e-05
295.6   7.18709e-05
295.4   8.61608e-05
295.2   0.000115137
295     0.000163431
294.8   0.000209242
294.6   0.000243494
294.4   0.000267799
294.2   0.000280826
294     0.000282481
293.8   0.000280939
293.6   0.000264616
293.4   0.000233214
293.2   0.000188936
293     0.000141769
292.8   0.000110899
292.6   0.000112875
292.4   0.000151734
292.2   0.000228244
292     0.000311337
291.8   0.00037009
291.6   0.000422447
291.4   0.000449337
291.2   0.000455808
291     0.000450924
290.8   0.000449798
290.6   0.000438493
290.4   0.000431796
290.2   0.000421431
290     0.000395472
289.8   0.000363895
289.6   0.000324794
289.4   0.000286117
289.2   0.000258
289     0.000247418
288.8   0.000246475
288.6   0.000261005
288.4   0.000288948
288.2   0.000314042
288     0.000317471
287.8   0.000280846
287.6   0.000299134
287.4   0.000319183
287.2   0.000303259
287     0.000265122
286.8   0.000234319
286.6   0.00019905
286.4   0.000176808
286.2   0.000158958
286     0.000134881
285.8   0.000106911
285.6   7.90775e-05
285.4   3.48656e-05
285.2  -1.34562e-05
285    -5.75311e-05
284.8  -8.71446e-05
284.6  -8.85099e-05
284.4  -7.55375e-05
284.2  -5.41579e-05
284    -2.58174e-05
283.8   1.65884e-05
283.6   6.9677e-05
283.4   0.000126744
283.2   0.000199445
283     0.000109563
282.8   3.78231e-05
282.6   1.34181e-05
282.4   2.87026e-05
282.2   6.57443e-05
282     0.000127222
281.8   0.000196007
281.6   0.000290712
281.4   0.000383809
281.2   0.00046538
281     0.000533535
280.8   0.000566055
280.6   0.000582965
280.4   0.000593275
280.2   0.000606271
280     0.000610315
279.8   0.000590112
279.6   0.000553155
279.4   0.000497579
279.2   0.000432478
279     0.000343963
278.8   0.000410271
278.6   0.000445954
278.4   0.000464164
278.2   0.000471762
278     0.000480898
277.8   0.000475692
277.6   0.00044917
277.4   0.000401592
277.2   0.000345479
277     0.000285021
276.8   0.000229711
276.6   0.000165324
276.4   0.0001078
276.2   6.82992e-05
276     4.61409e-05
275.8   5.82022e-05
275.6   8.02085e-05
275.4   0.000114989
275.2   0.000143828
275     0.000180796
274.8   0.000214484
274.6   0.000212872
274.4   0.000224521
274.2   0.000241737
274     0.000286961
273.8   0.000380432
273.6   0.000518988
273.4   0.000703428
273.2   0.000922085
273     0.00114648
272.8   0.00138585
272.6   0.00162817
272.4   0.00186589
272.2   0.00210125
272     0.00233605
271.8   0.00257263
271.6   0.00281481
271.4   0.00306377
271.2   0.00331917
271     0.00357428
270.8   0.00382085
270.6   0.00406839
270.4   0.00430043
270.2   0.0045389
270     0.00477957
269.8   0.00500299
269.6   0.0052296
269.4   0.00546447
269.2   0.00570535
269     0.00595238
268.8   0.00618466
268.6   0.00639684
268.4   0.0065759
268.2   0.00671725
268     0.00684537
267.8   0.00696888
267.6   0.00711068
267.4   0.00728729
267.2   0.00749504
267     0.0077069
266.8   0.00790539
266.6   0.00809621
266.4   0.00826839
266.2   0.00842359
266     0.00859178
265.8   0.00878275
265.6   0.00901514
265.4   0.00930518
265.2   0.00962251
265     0.00996168
264.8   0.0103224
264.6   0.0106759
264.4   0.0110154
264.2   0.0113539
264     0.0116798
263.8   0.0120216
263.6   0.0123801
263.4   0.0127442
263.2   0.0131218
263     0.0134889
262.8   0.0138333
262.6   0.0141469
262.4   0.0144228
262.2   0.014666
262     0.0148854
261.8   0.0150942
261.6   0.0152787
261.4   0.0154565
261.2   0.0156364
261     0.015795
260.8   0.0159339
260.6   0.0160191
260.4   0.0160486
260.2   0.0160435
260     0.0160031
259.8   0.0159542
259.6   0.0158995
259.4   0.0158436
259.2   0.015771
259     0.0156722
258.8   0.0155288
258.6   0.0153405
258.4   0.0151378
258.2   0.0149313
258     0.0147364
257.8   0.0145702
257.6   0.0144336
257.4   0.014312
257.2   0.0141986
257     0.0141099
256.8   0.0140477
256.6   0.0140312
256.4   0.0140688
256.2   0.0141405
256     0.0142372
255.8   0.0143508
255.6   0.0144899
255.4   0.0146554
255.2   0.0148472
255     0.0150576
254.8   0.015264
254.6   0.0154743
254.4   0.0156798
254.2   0.015884
254     0.0160858
253.8   0.0162766
253.6   0.0164847
253.4   0.0167003
253.2   0.0169298
253     0.0171921
252.8   0.0174428
252.6   0.0176741
252.4   0.0178859
252.2   0.0180793
252     0.0182595
251.8   0.0184294
251.6   0.0185778
251.4   0.0186675
251.2   0.0187109
251     0.0187351
250.8   0.0187503
250.6   0.0187801
250.4   0.0188132
250.2   0.0188458
250     0.0188892
249.8   0.0189415
249.6   0.0190186
249.4   0.0191268
249.2   0.0192489
249     0.0194123
248.8   0.0196381
248.6   0.0198982
248.4   0.0201992
248.2   0.0205231
248     0.0208427
247.8   0.0212042
247.6   0.0216159
247.4   0.0220921
247.2   0.0226198
247     0.0231678
246.8   0.0237272
246.6   0.0243044
246.4   0.0249359
246.2   0.0256246
246     0.0263639
245.8   0.0271227
245.6   0.0278707
245.4   0.0286178
245.2   0.0293541
245     0.0301065
244.8   0.0308785
244.6   0.0316349
244.4   0.0323694
244.2   0.0331111
244     0.0338602
243.8   0.0346311
243.6   0.0354215
243.4   0.0362093
243.2   0.0369767
243     0.0377332
242.8   0.0384751
242.6   0.0392124
242.4   0.0399653
242.2   0.0407505
242     0.0415839
241.8   0.0424619
241.6   0.0433688
241.4   0.0442728
241.2   0.0451588
241     0.0460054
240.8   0.04684
240.6   0.0476929
240.4   0.0485796
240.2   0.0495131
240     0.0504543
239.8   0.0514047
239.6   0.0523854
239.4   0.0534147
239.2   0.0545033
239     0.0556158
238.8   0.0567129
238.6   0.0577887
238.4   0.0588543
238.2   0.0599388
238     0.0610447
237.8   0.0621642
237.6   0.0632685
237.4   0.0643293
237.2   0.0653495
237     0.0663216
236.8   0.0672474
236.6   0.0681513
236.4   0.0690578
236.2   0.069975
236     0.0709204
235.8   0.0718886
235.6   0.0728366
235.4   0.0737276
235.2   0.0745698
235     0.0753969
234.8   0.0762127
234.6   0.0770505
234.4   0.0778774
234.2   0.0786546
234     0.0794158
233.8   0.080167
233.6   0.0809321
233.4   0.0817
233.2   0.0824623
233     0.0832011
232.8   0.0839071
232.6   0.0845945
232.4   0.0852432
232.2   0.0858211
232     0.0863371
231.8   0.0868045
231.6   0.0871997
231.4   0.0875118
231.2   0.0877649
231     0.087949
230.8   0.0880684
230.6   0.0881735
230.4   0.08827
230.2   0.0883057
230     0.0882438
229.8   0.0880695
229.6   0.0877239
229.4   0.0872457
229.2   0.0866264
229     0.0858419
228.8   0.0848711
228.6   0.0836911
228.4   0.0823196
228.2   0.0807246
228     0.0788974
227.8   0.0768225
227.6   0.0744933
227.4   0.0719804
227.2   0.0693568
227     0.0666296
226.8   0.0638035
226.6   0.0608906
226.4   0.0579188
226.2   0.0548411
226     0.0516738
225.8   0.0484113
225.6   0.0450039
225.4   0.0414721
225.2   0.0378632
225     0.0341363
224.8   0.0303107
224.6   0.0264254
224.4   0.022458
224.2   0.0184572
224     0.014432
223.8   0.0104355
223.6   0.00648028
223.4   0.00257085
223.2  -0.00124206
223    -0.004906
222.8  -0.0083843
222.6  -0.0116509
222.4  -0.014775
222.2  -0.017746
222    -0.0205722
221.8  -0.0232668
221.6  -0.0258316
221.4  -0.0282956
221.2  -0.0306337
221    -0.0328527
220.8  -0.034951
220.6  -0.0369033
220.4  -0.0387159
220.2  -0.0403971
220    -0.0418893