    x             y
400     0.000467972
399.8   0.000472919
399.6   0.000468533
399.4   0.000464473
399.2   0.000450588
399     0.000398317
398.8   0.000341726
398.6   0.000306367
398.4   0.000274124
398.2   0.000262049
398     0.000215168
397.8   0.000142918
397.6   6.71011e-05
397.4  -1.20042e-05
397.2  -5.69077e-05
397    -6.18347e-05
396.8  -2.66549e-05
396.6   2.21715e-05
396.4   9.30765e-05
396.2   0.000161266
396     0.000217542
395.8   0.000243809
395.6   0.000277319
395.4   0.000320799
395.2   0.000387569
395     0.000441853
394.8   0.000416883
394.6   0.000392971
394.4   0.000349433
394.2   0.000321793
394     0.000343804
393.8   0.000347029
393.6   0.000339716
393.4   0.000361766
393.2   0.000358116
393     0.000416155
392.8   0.000521972
392.6   0.000671142
392.4   0.000889329
392.2   0.00112789
392     0.00134154
391.8   0.00148502
391.6   0.00154735
391.4   0.00153112
391.2   0.00150174
391     0.00144589
390.8   0.00141389
390.6   0.00138719
390.4   0.00139746
390.2   0.00142317
390     0.00148038
389.8   0.00159537
389.6   0.00169357
389.4   0.00177007
389.2   0.00180813
389     0.00177555
388.8   0.00174467
388.6   0.00171575
388.4   0.00168674
388.2   0.00173862
388     0.00180614
387.8   0.00183657
387.6   0.00177975
387.4   0.00166093
387.2   0.00151019
387     0.00140964
386.8   0.00137157
386.6   0.00141074
386.4   0.00151903
386.2   0.00160797
386     0.00171172
385.8   0.00176434
385.6   0.00174206
385.4   0.00163652
385.2   0.00152607
385     0.00139177
384.8   0.00125716
384.6   0.00116829
384.4   0.00111412
384.2   0.00108375
384     0.00109609
383.8   0.00111133
383.6   0.00111446
383.4   0.00107321
383.2   0.000961608
383     0.000786375
382.8   0.000632453
382.6   0.000546675
382.4   0.0004691
382.2   0.000405236
382     0.00028106
381.8   0.000100912
381.6  -0.000117121
381.4  -0.000367507
381.2  -0.00051511
381    -0.000538398
380.8  -0.000470757
380.6  -0.000293456
380.4  -0.000101179
380.2   1.77865e-05
380     0.000152251
379.8   0.00029401
379.6   0.000425463
379.4   0.000602969
379.2   0.000783912
379     0.000969006
378.8   0.00117901
378.6   0.00137209
378.4   0.00156404
378.2   0.00171614
378     0.00187532
377.8   0.00200306
377.6   0.00208926
377.4   0.00214109
377.2   0.00216706
377     0.00221908
376.8   0.00231769
376.6   0.00247608
376.4   0.00264689
376.2   0.0026802
376     0.00252538
375.8   0.00228203
375.6   0.00199995
375.4   0.00178257
375.2   0.00166115
375     0.00148174
374.8   0.0012233
374.6   0.000940403
374.4   0.000613331
374.2   0.000321513
374     8.64716e-05
373.8  -0.000154684
373.6  -0.000399956
373.4  -0.000654915
373.2  -0.000889763
373    -0.00110316
372.8  -0.0012505
372.6  -0.00131685
372.4  -0.00129595
372.2  -0.00125148
372    -0.00124068
371.8  -0.00126785
371.6  -0.00134559
371.4  -0.00141293
371.2  -0.00140424
371    -0.00131018
370.8  -0.00119651
370.6  -0.00112215
370.4  -0.00108486
370.2  -0.00104151
370    -0.000884705
369.8  -0.000623257
369.6  -0.000337417
369.4  -7.90004e-05
369.2   7.90891e-05
369     0.000122589
368.8   0.00012731
368.6   0.000144433
368.4   0.000212775
368.2   0.000357786
368     0.000556071
367.8   0.000721301
367.6   0.000814026
367.4   0.000784733
367.2   0.000636226
367     0.000465103
366.8   0.000284574
366.6   0.000112972
366.4  -5.27092e-05
366.2  -0.000198176
366    -0.000268629
365.8  -0.000243666
365.6  -0.000154071
365.4  -5.73943e-05
365.2  -4.38243e-05
365    -0.00015104
364.8  -0.000380571
364.6  -0.000647931
364.4  -0.000878994
364.2  -0.000998052
364    -0.000995151
363.8  -0.000906098
363.6  -0.000796848
363.4  -0.000720372
363.2  -0.000744289
363    -0.000866614
362.8  -0.000959414
362.6  -0.00100391
362.4  -0.000924977
362.2  -0.000696229
362    -0.000399966
361.8  -6.16017e-05
361.6   0.000303097
361.4   0.00068074
361.2   0.00102285
361     0.00126572
360.8   0.00136661
360.6   0.00138109
360.4   0.00134177
360.2   0.00133017
360     0.00137388
359.8   0.0015358
359.6   0.00172122
359.4   0.00189619
359.2   0.00202163
359     0.00208007
358.8   0.00208516
358.6   0.00210343
358.4   0.00214032
358.2   0.00219033
358     0.00225409
357.8   0.00224495
357.6   0.00216623
357.4   0.00201682
357.2   0.00183998
357     0.00167273
356.8   0.00148533
356.6   0.00124395
356.4   0.00092078
356.2   0.000567103
356     0.000273
355.8   0.000103202
355.6   4.12606e-05
355.4   2.267e-05
355.2   1.05347e-05
355    -1.26384e-05
354.8  -7.74457e-05
354.6  -0.000126275
354.4  -0.000123512
354.2  -8.0689e-05
354    -3.10359e-06
353.8   0.000113335
353.6   0.000167406
353.4   0.000117954
353.2   2.98263e-05
353    -0.000116838
352.8  -0.000262142
352.6  -0.00034732
352.4  -0.000427628
352.2  -0.000536335
352    -0.000693748
351.8  -0.000832275
351.6  -0.000936467
351.4  -0.000935875
351.2  -0.00083793
351    -0.000791924
350.8  -0.000809318
350.6  -0.000928653
350.4  -0.00106973
350.2  -0.00117228
350    -0.00126239
349.8  -0.00134916
349.6  -0.00141961
349.4  -0.00156394
349.2  -0.00176767
349    -0.00198288
348.8  -0.00227309
348.6  -0.00252827
348.4  -0.00263337
348.2  -0.00261174
348    -0.00246584
347.8  -0.00223793
347.6  -0.00203548
347.4  -0.00185989
347.2  -0.00168503
347    -0.00150275
346.8  -0.00132027
346.6  -0.00107488
346.4  -0.000828185
346.2  -0.000644791
346    -0.000402084
345.8  -0.000172574
345.6   8.955e-05
345.4   0.000370678
345.2   0.000550914
345     0.000698227
344.8   0.000820782
344.6   0.000857166
344.4   0.00092121
344.2   0.00100613
344     0.00109713
343.8   0.00126935
343.6   0.00147791
343.4   0.00164259
343.2   0.0017434
343     0.00179856
342.8   0.00180369
342.6   0.00179624
342.4   0.00181224
342.2   0.00189037
342     0.00199469
341.8   0.00208205
341.6   0.00207426
341.4   0.00196288
341.2   0.00184505
341     0.001691
340.8   0.0015808
340.6   0.00152525
340.4   0.00149678
340.2   0.0015532
340     0.00164005
339.8   0.00171316
339.6   0.00182521
339.4   0.0018977
339.2   0.00192415
339     0.00185878
338.8   0.0016987
338.6   0.00146974
338.4   0.00122798
338.2   0.00105423
338     0.000917172
337.8   0.000769467
337.6   0.00061923
337.4   0.000446332
337.2   0.000182117
337    -8.07167e-05
336.8  -0.000306941
336.6  -0.000459746
336.4  -0.000489755
336.2  -0.000455086
336    -0.000467543
335.8  -0.000599021
335.6  -0.000832442
335.4  -0.00113854
335.2  -0.00147712
335    -0.00181121
334.8  -0.00206881
334.6  -0.00228208
334.4  -0.00240698
334.2  -0.00241284
334    -0.00231191
333.8  -0.00212427
333.6  -0.00185169
333.4  -0.00157147
333.2  -0.00139734
333    -0.00127896
332.8  -0.00118003
332.6  -0.0010708
332.4  -0.000913911
332.2  -0.000718556
332    -0.000561432
331.8  -0.000453129
331.6  -0.000392543
331.4  -0.000415644
331.2  -0.000518458
331    -0.00053897
330.8  -0.000404332
330.6  -0.000147687
330.4   0.00026614
330.2   0.000783279
330     0.00134064
329.8   0.00181903
329.6   0.00221426
329.4   0.00245367
329.2   0.00251482
329     0.00249889
328.8   0.0023913
328.6   0.00218434
328.4   0.00192878
328.2   0.00170321
328     0.00150181
327.8   0.00135942
327.6   0.00125402
327.4   0.0011637
327.2   0.00109082
327     0.00107341
326.8   0.00109321
326.6   0.00112812
326.4   0.00119538
326.2   0.00131085
326     0.00142543
325.8   0.00148359
325.6   0.00148928
325.4   0.00133521
325.2   0.00101956
325     0.000592597
324.8   0.000181449
324.6  -0.000183121
324.4  -0.000408772
324.2  -0.000483356
324    -0.000529589
323.8  -0.000515731
323.6  -0.000419195
323.4  -0.00026851
323.2  -0.000110074
323     5.21475e-05
322.8   0.000175698
322.6   0.000227547
322.4   0.000244108
322.2   0.000277991
322     0.000268162
321.8   0.000246957
321.6   0.000202274
321.4   0.000121667
321.2  -6.10307e-06
321    -0.00020683
320.8  -0.000445733
320.6  -0.000774933
320.4  -0.00112171
320.2  -0.00142434
320    -0.00167057
319.8  -0.00188273
319.6  -0.0020472
319.4  -0.00219362
319.2  -0.00228747
319    -0.00226373
318.8  -0.00217361
318.6  -0.00211388
318.4  -0.00206698
318.2  -0.00200596
318    -0.00195773
317.8  -0.0018887
317.6  -0.00174632
317.4  -0.00161056
317.2  -0.00151721
317    -0.00141475
316.8  -0.00135593
316.6  -0.00129533
316.4  -0.00121525
316.2  -0.00114929
316    -0.00107701
315.8  -0.00100569
315.6  -0.000877615
315.4  -0.000665544
315.2  -0.000393691
315    -4.9168e-05
314.8   0.000364475
314.6   0.000806008
314.4   0.0012379
314.2   0.00155796
314     0.00174339
313.8   0.00183816
313.6   0.00190372
313.4   0.00191607
313.2   0.00186869
313     0.00179757
312.8   0.00171454
312.6   0.00158287
312.4   0.00145974
312.2   0.00132072
312     0.00114235
311.8   0.000978135
311.6   0.000847127
311.4   0.000738029
311.2   0.000699865
311     0.000729711
310.8   0.000823706
310.6   0.00097402
310.4   0.00111058
310.2   0.00118834
310     0.00115285
309.8   0.000947426
309.6   0.000586337
309.4   0.000126777
309.2  -0.00033979
309    -0.000763165
308.8  -0.00112578
308.6  -0.00142293
308.4  -0.00158307
308.2  -0.00160141
308    -0.00151224
307.8  -0.00135804
307.6  -0.00117709
307.4  -0.00103001
307.2  -0.000889187
307    -0.000729648
306.8  -0.000560171
306.6  -0.000400662
306.4  -0.000269318
306.2  -0.00018575
306    -0.000138048
305.8  -0.000148142
305.6  -0.000181353
305.4  -0.000214859
305.2  -0.000236452
305    -0.000239887
304.8  -0.0001752
304.6   2.54859e-05
304.4   0.000316317
304.2   0.000671891
304     0.00103864
303.8   0.00134406
303.6   0.00160054
303.4   0.00173162
303.2   0.00173051
303     0.00162663
302.8   0.00142
302.6   0.00118528
302.4   0.000992119
302.2   0.000846487
302     0.000717708
301.8   0.000615627
301.6   0.000473131
301.4   0.000317017
301.2   0.000209632
301     0.00013026
300.8   0.000105751
300.6   6.87898e-05
300.4   3.17349e-05
300.2   1.73562e-05
300     8.63235e-05
299.8   0.000220689
299.6   0.00032234
299.4   0.000409537
299.2   0.000453182
299     0.000490926
298.8   0.000566854
298.6   0.000646625
298.4   0.000744274
298.2   0.000827184
298     0.000920284
297.8   0.0010524
297.6   0.00123258
297.4   0.00145298
297.2   0.00171728
297     0.0020241
296.8   0.00238149
296.6   0.00285182
296.4   0.00337548
296.2   0.00388141
296     0.00433437
295.8   0.00474898
295.6   0.00519738
295.4   0.00564887
295.2   0.00609793
295     0.00643272
294.8   0.00664467
294.6   0.00681741
294.4   0.006954
294.2   0.00710185
294     0.00728838
293.8   0.00750881
293.6   0.00779649
293.4   0.00818926
293.2   0.00869193
293     0.00923283
292.8   0.00978592
292.6   0.0102918
292.4   0.0106947
292.2   0.0109836
292     0.0111926
291.8   0.0112467
291.6   0.0111293
291.4   0.0109342
291.2   0.0106459
291     0.010389
290.8   0.0101816
290.6   0.00994906
290.4   0.00975591
290.2   0.00963406
290     0.00965171
289.8   0.0098181
289.6   0.0100802
289.4   0.0103907
289.2   0.0106908
289     0.0109185
288.8   0.0110883
288.6   0.0111916
288.4   0.0112001
288.2   0.0111681
288     0.0111027
287.8   0.0109993
287.6   0.0109034
287.4   0.0108948
287.2   0.0109496
287     0.0110934
286.8   0.0113574
286.6   0.0117358
286.4   0.0122355
286.2   0.012911
286     0.0136663
285.8   0.0144146
285.6   0.0151733
285.4   0.0158687
285.2   0.0164387
285     0.016929
284.8   0.0173777
284.6   0.0177049
284.4   0.0180186
284.2   0.0183614
284     0.0187484
283.8   0.0191958
283.6   0.0196728
283.4   0.0202009
283.2   0.020728
283     0.0213303
282.8   0.0220465
282.6   0.0228139
282.4   0.0235701
282.2   0.0243659
282     0.0251432
281.8   0.025921
281.6   0.0267061
281.4   0.0274172
281.2   0.0280034
281     0.0284786
280.8   0.0289273
280.6   0.0293589
280.4   0.0298666
280.2   0.0304694
280     0.0310847
279.8   0.0316567
279.6   0.0322801
279.4   0.0328191
279.2   0.0332722
279     0.0336279
278.8   0.0338416
278.6   0.0339782
278.4   0.0339907
278.2   0.0339251
278     0.033679
277.8   0.0331876
277.6   0.0325443
277.4   0.0317725
277.2   0.0308658
277     0.0298877
276.8   0.0288726
276.6   0.02788
276.4   0.0269365
276.2   0.0260469
276     0.0251727
275.8   0.0242596
275.6   0.0233132
275.4   0.0222652
275.2   0.0211292
275     0.0199375
274.8   0.0187133
274.6   0.0175068
274.4   0.0163957
274.2   0.0153755
274     0.0144956
273.8   0.0137137
273.6   0.0130039
273.4   0.0123982
273.2   0.0118725
273     0.0115344
272.8   0.0114777
272.6   0.0116651
272.4   0.0120861
272.2   0.0127066
272     0.0134111
271.8   0.0141339
271.6   0.0147853
271.4   0.0153937
271.2   0.0160274
271     0.0167615
270.8   0.0176305
270.6   0.0185951
270.4   0.0196545
270.2   0.020791
270     0.0220373
269.8   0.0234139
269.6   0.0247767
269.4   0.0261174
269.2   0.0274303
269     0.028641
268.8   0.0298849
268.6   0.0311012
268.4   0.0323015
268.2   0.0335001
268     0.0346401
267.8   0.0356775
267.6   0.0365605
267.4   0.0373047
267.2   0.0378406
267     0.038262
266.8   0.0386164
266.6   0.0389586
266.4   0.0392734
266.2   0.0395236
266     0.0396644
265.8   0.0396541
265.6   0.0395992
265.4   0.0394628
265.2   0.0392844
265     0.0390196
264.8   0.0386486
264.6   0.0382807
264.4   0.03795
264.2   0.0376605
264     0.0374557
263.8   0.0372375
263.6   0.0370645
263.4   0.0369465
263.2   0.0368525
263     0.0367633
262.8   0.0366054
262.6   0.0363603
262.4   0.0360267
262.2   0.0357897
262     0.035635
261.8   0.0355516
261.6   0.0354905
261.4   0.0354002
261.2   0.0352724
261     0.0351467
260.8   0.0350584
260.6   0.0348982
260.4   0.0347343
260.2   0.0345128
260     0.0342722
259.8   0.0340268
259.6   0.0338037
259.4   0.0335782
259.2   0.0332985
259     0.0330013
258.8   0.0327067
258.6   0.0323581
258.4   0.0319533
258.2   0.0315483
258     0.0311302
257.8   0.0307793
257.6   0.0306032
257.4   0.0305382
257.2   0.0304662
257     0.0303825
256.8   0.0302687
256.6   0.0301862
256.4   0.0302006
256.2   0.0302892
256     0.0303914
255.8   0.0304962
255.6   0.0306239
255.4   0.0307649
255.2   0.0309944
255     0.0312417
254.8   0.031513
254.6   0.0317529
254.4   0.0318743
254.2   0.0319612
254     0.0319343
253.8   0.0318004
253.6   0.0316509
253.4   0.0314304
253.2   0.03111
253     0.0307928
252.8   0.030532
252.6   0.0302836
252.4   0.0301658
252.2   0.0300786
252     0.0299785
251.8   0.0299233
251.6   0.029827
251.4   0.0296625
251.2   0.0294991
251     0.0293257
250.8   0.0291497
250.6   0.0290425
250.4   0.0290283
250.2   0.0290412
250     0.0291491
249.8   0.0293316
249.6   0.0295203
249.4   0.0298426
249.2   0.0302751
249     0.0308066
248.8   0.031425
248.6   0.0321024
248.4   0.0328532
248.2   0.0336809
248     0.0344796
247.8   0.0351681
247.6   0.0357042
247.4   0.0360497
247.2   0.036438
247     0.0368808
246.8   0.0372622
246.6   0.0375847
246.4   0.037886
246.2   0.0380839
246     0.0382883
245.8   0.0385076
245.6   0.0386084
245.4   0.0385552
245.2   0.0384209
245     0.0382585
244.8   0.0380742
244.6   0.0379374
244.4   0.0377396
244.2   0.0374336
244     0.0371518
243.8   0.0369287
243.6   0.0367235
243.4   0.036554
243.2   0.0363649
243     0.0362392
242.8   0.0361138
242.6   0.0360554
242.4   0.0360035
242.2   0.0358054
242     0.035609
241.8   0.0355613
241.6   0.03575
241.4   0.0360676
241.2   0.0365219
241     0.0370183
240.8   0.0375544
240.6   0.0383336
240.4   0.0393319
240.2   0.0404568
240     0.0415668
239.8   0.0425991
239.6   0.0435509
239.4   0.0445218
239.2   0.0455084
239     0.046361
238.8   0.0470363
238.6   0.0475709
238.4   0.048072
238.2   0.0486396
238     0.0492463
237.8   0.0500219
237.6   0.0508667
237.4   0.0518459
237.2   0.0530153
237     0.0541457
236.8   0.0550831
236.6   0.0557622
236.4   0.0563076
236.2   0.0567968
236     0.0573516
235.8   0.0579382
235.6   0.0583766
235.4   0.0587357
235.2   0.0590026
235     0.0592583
234.8   0.059577
234.6   0.0600178
234.4   0.0605388
234.2   0.0612658
234     0.0623162
233.8   0.0636932
233.6   0.06538
233.4   0.0671751
233.2   0.0689889
233     0.0707608
232.8   0.0724223
232.6   0.0740624
232.4   0.0756372
232.2   0.0770684
232     0.0784791
231.8   0.0799039
231.6   0.0814343
231.4   0.0830222
231.2   0.084673
231     0.0863115
230.8   0.0880335
230.6   0.0899152
230.4   0.0918376
230.2   0.0938601
230     0.0958553
229.8   0.0976629
229.6   0.0991894
229.4   0.100404
229.2   0.101272
229     0.101817
228.8   0.102084
228.6   0.102047
228.4   0.101847
228.2   0.101477
228     0.100935
227.8   0.100194
227.6   0.0992593
227.4   0.0982006
227.2   0.097115
227     0.0960403
226.8   0.094981
226.6   0.0937212
226.4   0.0923237
226.2   0.0907738
226     0.0890154
225.8   0.086945
225.6   0.084574
225.4   0.0819064
225.2   0.0789914
225     0.0760755
224.8   0.0733609
224.6   0.0708839
224.4   0.0686998
224.2   0.0667744
224     0.064919
223.8   0.0630512
223.6   0.0612434
223.4   0.0594042
223.2   0.0575858
223     0.0559845
222.8   0.0547647
222.6   0.0539516
222.4   0.0534128
222.2   0.0530629
222     0.0526562
221.8   0.0522288
221.6   0.0520493
221.4   0.0519413
221.2   0.0517354
221     0.051459
220.8   0.0512254
220.6   0.0510746
220.4   0.0513178
220.2   0.0519336
220     0.0527289
219.8   0.0536617
219.6   0.054729
219.4   0.0557779
219.2   0.0567012
219     0.0576563
218.8   0.0586498
218.6   0.0596853
218.4   0.0607582
218.2   0.0619115
218     0.0628907
217.8   0.0635253
217.6   0.0638196
217.4   0.0638624
217.2   0.0636996
217     0.0636834
216.8   0.0638431
216.6   0.0639615
216.4   0.0641495
216.2   0.0645507
216     0.0653172
215.8   0.0664817
215.6   0.0679657
215.4   0.069551
215.2   0.0709098
215     0.072159
214.8   0.0732698
214.6   0.0743328
214.4   0.0756627
214.2   0.0773524
214     0.0792939
213.8   0.0815433
213.6   0.083823
213.4   0.0861228
213.2   0.0883275
213     0.090698
212.8   0.0933789
212.6   0.0964084
212.4   0.0997719
212.2   0.10339
212     0.106965
211.8   0.110542
211.6   0.114526
211.4   0.11897
211.2   0.124009
211     0.129532
210.8   0.13512
210.6   0.140856
210.4   0.14656
210.2   0.152745
210     0.159311
209.8   0.16595
209.6   0.172595
209.4   0.179063
209.2   0.185297
209     0.191472
208.8   0.197343
208.6   0.203272
208.4   0.209528
208.2   0.216529
208     0.224064
207.8   0.232285
207.6   0.240976
207.4   0.25
207.2   0.259638
207     0.269964
206.8   0.280722
206.6   0.291015
206.4   0.300621
206.2   0.309079
206     0.316084
205.8   0.322364
205.6   0.327854
205.4   0.332691
205.2   0.33685
205     0.340123
204.8   0.343175
204.6   0.346169
204.4   0.349082
204.2   0.352308
204     0.355958
203.8   0.360815
203.6   0.366503
203.4   0.372548
203.2   0.377812
203     0.381931
202.8   0.384316
202.6   0.385438
202.4   0.385999
202.2   0.386321
202     0.386699
201.8   0.387507
201.6   0.39
201.4   0.394664
201.2   0.401433
201     0.410286
200.8   0.420543
200.6   0.431603
200.4   0.444872
200.2   0.461679
200     0.481958
199.8   0.50486
199.6   0.52993
199.4   0.557156
199.2   0.585916
199     0.615702
198.8   0.645694
198.6   0.676393
198.4   0.70826
198.2   0.742532
198     0.779955
197.8   0.820844
197.6   0.86444
197.4   0.909761
197.2   0.954524
197     0.998497
196.8   1.04149
196.6   1.08284
196.4   1.12222
196.2   1.16003
196     1.19655
195.8   1.23204
195.6   1.2671
195.4   1.30033
195.2   1.33022
195     1.35709