    x             y
400    -0.000310434
399.8  -0.000302112
399.6  -0.000256309
399.4  -0.000192302
399.2  -0.000165421
399    -0.000162788
398.8  -0.000115685
398.6  -3.33958e-05
398.4   1.95304e-05
398.2  -1.11898e-05
398    -8.87286e-05
397.8  -0.000125209
397.6  -0.000110374
397.4  -4.9892e-05
397.2   3.43758e-05
397     8.3676e-05
396.8   4.76679e-05
396.6   8.69866e-06
396.4   2.96116e-05
396.2   8.22239e-05
396     0.000128481
395.8   0.000110522
395.6   3.00944e-05
395.4  -6.28487e-05
395.2  -0.000110236
395    -8.63055e-05
394.8  -4.20894e-05
394.6  -4.30472e-05
394.4  -4.2148e-05
394.2  -2.44856e-05
394    -6.23137e-06
393.8   5.81938e-05
393.6   0.000118681
393.4   0.000122606
393.2   0.00010202
393     1.17009e-05
392.8  -4.77978e-06
392.6   6.57355e-06
392.4  -7.20793e-05
392.2  -0.000120755
392    -0.000120591
391.8  -0.000118967
391.6  -0.000161572
391.4  -0.000160708
391.2  -4.71477e-05
391    -1.84489e-05
390.8  -4.74534e-05
390.6   1.50426e-05
390.4   7.51305e-05
390.2   7.38967e-05
390     8.3889e-05
389.8   0.000144852
389.6   0.000147726
389.4   7.07471e-05
389.2   7.59438e-05
389     9.30112e-05
388.8   2.87288e-05
388.6  -1.30885e-05
388.4  -1.52602e-05
388.2  -3.00814e-05
388    -8.61163e-05
387.8  -9.76158e-05
387.6  -3.75102e-05
387.4  -2.46529e-06
387.2   1.51237e-05
387     5.99337e-05
386.8   8.25473e-05
386.6   5.57928e-05
386.4   4.32653e-05
386.2   6.67105e-05
386     7.05479e-05
385.8   2.87145e-05
385.6  -1.77735e-05
385.4  -1.30979e-05
385.2  -7.67651e-06
385    -7.09538e-06
384.8   1.05677e-05
384.6  -3.29942e-05
384.4  -9.66727e-05
384.2  -0.00014296
384    -0.000169838
383.8  -0.000126253
383.6  -0.000148025
383.4  -0.000204145
383.2  -0.000210112
383    -0.000234377
382.8  -0.000214136
382.6  -0.000187064
382.4  -0.000147589
382.2  -0.000124261
382    -0.000175683
381.8  -0.000118041
381.6  -1.34476e-05
381.4   1.556e-05
381.2   2.56129e-05
381     2.36958e-05
380.8   3.84438e-05
380.6   2.35402e-05
380.4   3.511e-05
380.2   9.93751e-05
380     6.28711e-05
379.8   2.16281e-05
379.6   4.82855e-05
379.4   0.000100244
379.2   0.000176925
379     0.000233764
378.8   0.000259604
378.6   0.000278397
378.4   0.000233092
378.2   0.000207546
378     0.000181645
377.8   9.14066e-05
377.6   4.70584e-05
377.4   2.65202e-05
377.2  -1.39733e-06
377     8.47499e-07
376.8   1.21714e-05
376.6   6.37309e-06
376.4   3.89539e-06
376.2  -2.51346e-05
376    -5.43216e-05
375.8  -7.72304e-05
375.6  -7.41187e-05
375.4  -5.44887e-05
375.2  -6.41157e-05
375    -0.000120905
374.8  -0.000161255
374.6  -0.000150745
374.4  -0.000129623
374.2  -8.88669e-05
374    -3.85346e-05
373.8  -6.49499e-06
373.6   3.69681e-06
373.4  -4.45305e-06
373.2   4.10328e-05
373     0.000112286
372.8   7.2171e-05
372.6   6.17534e-05
372.4   0.000112582
372.2   0.000106474
372     7.15408e-05
371.8   2.44812e-05
371.6   1.08956e-05
371.4  -1.91894e-05
371.2  -5.06486e-05
371     8.69497e-06
370.8   4.71768e-05
370.6   2.27354e-05
370.4   3.82528e-05
370.2   4.21375e-05
370     6.93756e-05
369.8   9.65822e-05
369.6   0.000106348
369.4   0.000154284
369.2   0.000202193
369     0.000190546
368.8   0.000132885
368.6   8.02437e-05
368.4   4.08723e-05
368.2   1.61285e-05
368    -1.53643e-05
367.8  -6.03546e-05
367.6  -0.000127969
367.4  -0.000212891
367.2  -0.000263997
367    -0.000234582
366.8  -0.000167149
366.6  -0.00012906
366.4  -0.000146627
366.2  -0.000159398
366    -0.000133636
365.8  -0.000104925
365.6  -9.93527e-05
365.4  -0.000125929
365.2  -0.000165202
365    -0.000255832
364.8  -0.000324751
364.6  -0.000301135
364.4  -0.000268281
364.2  -0.000234434
364    -0.000218215
363.8  -0.000224694
363.6  -0.00019713
363.4  -0.000177643
363.2  -0.000111499
363    -4.23609e-05
362.8  -4.10345e-05
362.6   8.45529e-06
362.4   4.28822e-05
362.2   2.74401e-05
362     3.45249e-05
361.8   7.54857e-05
361.6   0.000111611
361.4   4.76221e-05
361.2  -2.63146e-05
361    -7.99578e-06
360.8  -3.51369e-06
360.6  -2.57205e-05
360.4  -2.89057e-05
360.2   5.64545e-06
360     1.55028e-05
359.8  -5.6236e-05
359.6  -0.000114644
359.4  -8.27065e-05
359.2  -5.09661e-05
359    -8.30824e-05
358.8  -0.000101886
358.6  -8.38929e-05
358.4  -0.000116722
358.2  -9.9061e-05
358    -7.30275e-06
357.8   4.23372e-05
357.6   1.49307e-05
357.4  -2.32129e-05
357.2  -1.96184e-05
357    -6.18667e-05
356.8  -0.000102768
356.6  -0.000107595
356.4  -0.000136849
356.2  -0.000107674
356    -9.43325e-06
355.8   4.06917e-05
355.6   4.20232e-05
355.4   5.1629e-05
355.2   8.6732e-05
355     9.32777e-05
354.8   7.26164e-05
354.6   4.92197e-05
354.4   1.77862e-05
354.2   2.18306e-05
354     5.59011e-05
353.8   3.86465e-05
353.6   1.32767e-05
353.4  -1.67099e-05
353.2  -3.08857e-05
353     3.57713e-05
352.8   0.00010548
352.6   8.25959e-05
352.4  -1.43853e-05
352.2  -5.96576e-05
352    -6.20686e-05
351.8  -8.39046e-05
351.6  -6.60306e-05
351.4  -4.34211e-05
351.2  -3.9577e-05
351    -3.69168e-05
350.8  -3.36307e-05
350.6  -2.65098e-05
350.4  -6.69202e-05
350.2  -8.38743e-05
350    -5.12166e-05
349.8  -1.01466e-05
349.6   3.94868e-05
349.4   2.71347e-05
349.2  -9.6316e-06
349    -2.54758e-05
348.8  -5.06254e-05
348.6  -5.5223e-05
348.4  -2.97224e-05
348.2  -2.36567e-05
348    -1.90251e-05
347.8  -1.28197e-05
347.6  -2.23447e-05
347.4  -3.2086e-05
347.2   4.62389e-06
347     8.69218e-05
346.8   0.000181718
346.6   0.000222166
346.4   0.000179377
346.2   0.000121661
346     7.66754e-05
345.8   6.29172e-05
345.6   7.48054e-05
345.4   9.51541e-05
345.2   6.94439e-05
345    -9.50764e-06
344.8  -5.46628e-05
344.6  -1.82153e-05
344.4   2.63619e-05
344.2  -5.66019e-06
344    -4.40193e-05
343.8  -0.000100718
343.6  -0.000191643
343.4  -0.000197873
343.2  -0.00015884
343    -0.000179063
342.8  -0.000206775
342.6  -0.00023224
342.4  -0.00021882
342.2  -0.000143244
342    -6.62304e-05
341.8   1.83897e-06
341.6  -4.27035e-05
341.4  -0.000111967
341.2  -7.59582e-05
341    -3.72582e-05
340.8  -8.65625e-05
340.6  -0.000133918
340.4  -0.000238407
340.2  -0.000305656
340    -0.000387412
339.8  -0.000404102
339.6  -0.000383511
339.4  -0.000430662
339.2  -0.000483976
339    -0.000448372
338.8  -0.000427528
338.6  -0.000374348
338.4  -0.000330489
338.2  -0.000310529
338    -0.00028185
337.8  -0.000267976
337.6  -0.000241724
337.4  -0.000225625
337.2  -0.000238704
337    -0.000251498
336.8  -0.000285552
336.6  -0.000313781
336.4  -0.000297226
336.2  -0.000270041
336    -0.000262478
335.8  -0.000283141
335.6  -0.000274669
335.4  -0.000257107
335.2  -0.000265017
335    -0.000304923
334.8  -0.000322546
334.6  -0.000319929
334.4  -0.00035511
334.2  -0.000352117
334    -0.000318005
333.8  -0.000317864
333.6  -0.000381287
333.4  -0.000396343
333.2  -0.000321981
333    -0.000312602
332.8  -0.000348672
332.6  -0.000364183
332.4  -0.000366906
332.2  -0.000395262
332    -0.000428876
331.8  -0.000386079
331.6  -0.000351345
331.4  -0.000363385
331.2  -0.000371402
331    -0.000370994
330.8  -0.000359146
330.6  -0.000358833
330.4  -0.000372901
330.2  -0.000382888
330    -0.000364239
329.8  -0.000363505
329.6  -0.000357032
329.4  -0.000325273
329.2  -0.000322602
329    -0.000331154
328.8  -0.000378718
328.6  -0.000390144
328.4  -0.000383998
328.2  -0.000418907
328    -0.00040261
327.8  -0.000368092
327.6  -0.000354976
327.4  -0.000306227
327.2  -0.000262887
327    -0.000221801
326.8  -0.000184478
326.6  -0.000148579
326.4  -0.00013452
326.2  -0.000155306
326    -0.000215331
325.8  -0.00027502
325.6  -0.000312671
325.4  -0.000348624
325.2  -0.000368147
325    -0.000428891
324.8  -0.000472098
324.6  -0.000460883
324.4  -0.000452531
324.2  -0.000426341
324    -0.000395312
323.8  -0.000399739
323.6  -0.000430016
323.4  -0.000459817
323.2  -0.000426999
323    -0.000404498
322.8  -0.000415015
322.6  -0.000428729
322.4  -0.000472441
322.2  -0.000497075
322    -0.000493085
321.8  -0.000426838
321.6  -0.000347723
321.4  -0.000346739
321.2  -0.000323522
321    -0.000281448
320.8  -0.000262887
320.6  -0.000230266
320.4  -0.000246061
320.2  -0.00026838
320    -0.000302127
319.8  -0.000350653
319.6  -0.000341716
319.4  -0.000353358
319.2  -0.000362272
319    -0.000346296
318.8  -0.000354368
318.6  -0.000336702
318.4  -0.000296739
318.2  -0.000257173
318    -0.000272948
317.8  -0.00032613
317.6  -0.000348169
317.4  -0.000334823
317.2  -0.000345225
317    -0.000391346
316.8  -0.000422019
316.6  -0.00045929
316.4  -0.000483564
316.2  -0.000462669
316    -0.000380662
315.8  -0.000327864
315.6  -0.000368864
315.4  -0.000390611
315.2  -0.000355319
315    -0.000347595
314.8  -0.00035764
314.6  -0.000370902
314.4  -0.000362582
314.2  -0.00036802
314    -0.000376196
313.8  -0.0003594
313.6  -0.000350761
313.4  -0.000295192
313.2  -0.000236107
313    -0.000205553
312.8  -0.000183352
312.6  -0.000177798
312.4  -0.000189425
312.2  -0.000200456
312    -0.000199587
311.8  -0.000214734
311.6  -0.000286805
311.4  -0.000326327
311.2  -0.00033634
311    -0.00036537
310.8  -0.000387049
310.6  -0.000395728
310.4  -0.000399893
310.2  -0.000385514
310    -0.000308806
309.8  -0.000229374
309.6  -0.000188795
309.4  -0.000151771
309.2  -0.000140277
309    -0.000157045
308.8  -0.000163387
308.6  -0.000142966
308.4  -0.000159009
308.2  -0.000246678
308    -0.000293107
307.8  -0.000270098
307.6  -0.000246992
307.4  -0.000250566
307.2  -0.000253806
307    -0.000255254
306.8  -0.000294583
306.6  -0.00030037
306.4  -0.000235071
306.2  -0.000201051
306    -0.000201884
305.8  -0.000207627
305.6  -0.000155252
305.4  -9.03364e-05
305.2  -9.21698e-05
305    -8.36731e-05
304.8  -8.8925e-05
304.6  -0.000135146
304.4  -0.000163141
304.2  -0.000195651
304    -0.000202641
303.8  -0.000213987
303.6  -0.00023793
303.4  -0.000245099
303.2  -0.00025664
303    -0.00021521
302.8  -0.000165695
302.6  -0.000155118
302.4  -0.000138983
302.2  -0.000135635
302    -0.000126897
301.8  -6.1233e-05
301.6   4.5004e-05
301.4   0.000129921
301.2   0.000146338
301     0.000162436
300.8   0.000193154
300.6   0.000208864
300.4   0.000225989
300.2   0.000219001
300     0.000171778
299.8   0.000139274
299.6   9.68828e-05
299.4   4.35824e-05
299.2   9.98067e-06
299    -4.17587e-06
298.8  -2.20829e-05
298.6  -5.83355e-05
298.4  -3.72625e-05
298.2   2.1103e-05
298     5.25531e-05
297.8   7.02996e-05
297.6   0.000103409
297.4   0.000147988
297.2   0.000137324
297     0.000133878
296.8   0.00017105
296.6   0.0001702
296.4   0.000139299
296.2   7.10103e-05
296     5.54699e-05
295.8   7.86113e-05
295.6   7.42405e-05
295.4   0.000100329
295.2   0.000116932
295     0.000126345
294.8   0.000123167
294.6   0.000111898
294.4   0.000158517
294.2   0.000198136
294     0.000235952
293.8   0.00027797
293.6   0.000304356
293.4   0.00032923
293.2   0.000325691
293     0.000316903
292.8   0.00031908
292.6   0.000315681
292.4   0.000319524
292.2   0.000288579
292     0.000227133
291.8   0.00020725
291.6   0.000224367
291.4   0.000224993
291.2   0.000227619
291     0.000239266
290.8   0.000220218
290.6   0.000196909
290.4   0.000224068
290.2   0.00026952
290     0.000305398
289.8   0.000330567
289.6   0.000366558
289.4   0.000385422
289.2   0.000402206
289     0.000452624
288.8   0.000482338
288.6   0.000469345
288.4   0.000456647
288.2   0.000433203
288     0.000403455
287.8   0.000409924
287.6   0.000419942
287.4   0.000405112
287.2   0.000393029
287     0.000398822
286.8   0.000394367
286.6   0.000388913
286.4   0.000398876
286.2   0.0004068
286     0.000423797
285.8   0.000451849
285.6   0.000465766
285.4   0.000461257
285.2   0.000436239
285     0.000429188
284.8   0.000452591
284.6   0.000480934
284.4   0.000482075
284.2   0.00046271
284     0.000476337
283.8   0.000513275
283.6   0.000514544
283.4   0.000510183
283.2   0.000515305
283     0.000517069
282.8   0.000519922
282.6   0.000517626
282.4   0.000480843
282.2   0.000443712
282     0.00041479
281.8   0.00041808
281.6   0.000454926
281.4   0.000480698
281.2   0.000494214
281     0.000488532
280.8   0.000510708
280.6   0.000528137
280.4   0.000526823
280.2   0.000540212
280     0.000539291
279.8   0.000521095
279.6   0.0004838
279.4   0.000471686
279.2   0.000496427
279     0.000502997
278.8   0.000555856
278.6   0.000604498
278.4   0.000622546
278.2   0.000658314
278     0.00065936
277.8   0.000670427
277.6   0.000682163
277.4   0.000670897
277.2   0.000672084
277     0.000660553
276.8   0.000646789
276.6   0.00065857
276.4   0.000690377
276.2   0.000712623
276     0.00072673
275.8   0.000746404
275.6   0.000732652
275.4   0.000706892
275.2   0.000700975
275     0.000725063
274.8   0.000747954
274.6   0.000733131
274.4   0.00076681
274.2   0.000810534
274     0.000834575
273.8   0.000889451
273.6   0.000929505
273.4   0.000955163
273.2   0.000954992
273     0.000960168
272.8   0.000970411
272.6   0.000959372
272.4   0.000989879
272.2   0.00102403
272     0.00105233
271.8   0.00110912
271.6   0.00115405
271.4   0.00120323
271.2   0.00124525
271     0.00132519
270.8   0.00144397
270.6   0.00149579
270.4   0.00153813
270.2   0.00161729
270     0.00171065
269.8   0.00182451
269.6   0.0019146
269.4   0.00199537
269.2   0.00205102
269     0.00210955
268.8   0.00224341
268.6   0.0023538
268.4   0.00243149
268.2   0.00249737
268     0.00251692
267.8   0.002565
267.6   0.00263203
267.4   0.00269462
267.2   0.00272146
267     0.00268047
266.8   0.00264671
266.6   0.0026462
266.4   0.00267958
266.2   0.00276309
266     0.00288224
265.8   0.00297426
265.6   0.00304844
265.4   0.00313852
265.2   0.00325787
265     0.00340144
264.8   0.00349414
264.6   0.00354648
264.4   0.00354622
264.2   0.00349497
264     0.00350467
263.8   0.00355077
263.6   0.0035867
263.4   0.00358831
263.2   0.00355772
263     0.00354491
262.8   0.00354566
262.6   0.00360435
262.4   0.00368321
262.2   0.00367516
262     0.00363869
261.8   0.00361682
261.6   0.00362747
261.4   0.0036779
261.2   0.00372172
261     0.00374759
260.8   0.00375054
260.6   0.00374752
260.4   0.00379918
260.2   0.00389234
260     0.00398304
259.8   0.00409273
259.6   0.00416222
259.4   0.00420251
259.2   0.00427954
259     0.00439691
258.8   0.00449471
258.6   0.00453529
258.4   0.00455178
258.2   0.00456398
258     0.00455694
257.8   0.00457877
257.6   0.00462109
257.4   0.00458727
257.2   0.00448061
257     0.00442093
256.8   0.00439509
256.6   0.00430585
256.4   0.00419421
256.2   0.0041166
256     0.00404165
255.8   0.00393706
255.6   0.0038909
255.4   0.00389675
255.2   0.00383062
255     0.00374903
254.8   0.00373921
254.6   0.00374317
254.4   0.00368337
254.2   0.00359655
254     0.00358752
253.8   0.00360184
253.6   0.00358306
253.4   0.00362038
253.2   0.0036948
253     0.00373207
252.8   0.00376327
252.6   0.0038197
252.4   0.00391039
252.2   0.00395433
252     0.00392965
251.8   0.00388008
251.6   0.00380293
251.4   0.00374409
251.2   0.00372053
251     0.00365971
250.8   0.00356873
250.6   0.00348353
250.4   0.00339814
250.2   0.00334397
250     0.00332971
249.8   0.00331448
249.6   0.00327197
249.4   0.00320797
249.2   0.00319339
249     0.00321185
248.8   0.00318797
248.6   0.00318055
248.4   0.00319821
248.2   0.00319914
248     0.00318562
247.8   0.00315643
247.6   0.00314522
247.4   0.00310972
247.2   0.00305667
247     0.00302129
246.8   0.0029851
246.6   0.00294063
246.4   0.00289759
246.2   0.00286865
246     0.00284063
245.8   0.0028198
245.6   0.00283919
245.4   0.00287912
245.2   0.00290107
245     0.00289352
244.8   0.00285598
244.6   0.00280727
244.4   0.00278867
244.2   0.00282347
244     0.00284684
243.8   0.00285817
243.6   0.0028538
243.4   0.00287159
243.2   0.00293252
243     0.00299624
242.8   0.00308975
242.6   0.00318316
242.4   0.00320689
242.2   0.00321727
242     0.00324091
241.8   0.00325406
241.6   0.00325129
241.4   0.00323863
241.2   0.00324433
241     0.00325395
240.8   0.00326081
240.6   0.00327891
240.4   0.00327349
240.2   0.00324455
240     0.00320294
239.8   0.00315925
239.6   0.00315841
239.4   0.0031559
239.2   0.00312892
239     0.00310924
238.8   0.00308839
238.6   0.003098
238.4   0.0031287
238.2   0.00318247
238     0.00326556
237.8   0.00330393
237.6   0.00333951
237.4   0.00341102
237.2   0.00344263
237     0.00347083
236.8   0.00351429
236.6   0.00353444
236.4   0.00353555
236.2   0.00351894
236     0.00355394
235.8   0.00360561
235.6   0.00361536
235.4   0.00362955
235.2   0.00366593
235     0.00367531
234.8   0.00368081
234.6   0.00372593
234.4   0.00377003
234.2   0.00377482
234     0.00377527
233.8   0.00380648
233.6   0.00382403
233.4   0.003845
233.2   0.00390419
233     0.00397365
232.8   0.0040561
232.6   0.00411634
232.4   0.00414966
232.2   0.00418626
232     0.00419925
231.8   0.00425902
231.6   0.00432591
231.4   0.00437625
231.2   0.00442741
231     0.00446726
230.8   0.00457757
230.6   0.00469594
230.4   0.00478889
230.2   0.00488857
230     0.00496605
229.8   0.00504792
229.6   0.00514568
229.4   0.00526561
229.2   0.00540219
229     0.00549719
228.8   0.00561283
228.6   0.0057517
228.4   0.00590174
228.2   0.00607958
228     0.00627637
227.8   0.00647002
227.6   0.00668105
227.4   0.00691792
227.2   0.00714196
227     0.00738186
226.8   0.00767403
226.6   0.00801748
226.4   0.0083903
226.2   0.00875747
226     0.00916509
225.8   0.00961124
225.6   0.0100812
225.4   0.0106601
225.2   0.0113046
225     0.0119803
224.8   0.0127076
224.6   0.0134982
224.4   0.0143679
224.2   0.015301
224     0.0163125
223.8   0.0174218
223.6   0.0186401
223.4   0.019965
223.2   0.0213727
223     0.0228853
222.8   0.0245534
222.6   0.0263824
222.4   0.0283536
222.2   0.030471
222     0.0327339
221.8   0.035089
221.6   0.0375634
221.4   0.0402178
221.2   0.0430099
221     0.0459004
220.8   0.048888
220.6   0.0519783
220.4   0.0550948
220.2   0.0582204
220     0.0613625
219.8   0.0645327
219.6   0.0677108
219.4   0.0708236
219.2   0.0738518
219     0.0768064
218.8   0.0796695
218.6   0.0824834
218.4   0.0852503
218.2   0.087963
218     0.0905889
217.8   0.0931047
217.6   0.0956144
217.4   0.0981011
217.2   0.100557
217     0.103029
216.8   0.105494
216.6   0.107955
216.4   0.110412
216.2   0.112823
216     0.115207
215.8   0.117576
215.6   0.119932
215.4   0.122276
215.2   0.124584
215     0.126853
214.8   0.129113
214.6   0.131397
214.4   0.1337
214.2   0.136002
214     0.138311
213.8   0.140644
213.6   0.142929
213.4   0.1452
213.2   0.147498
213     0.14976
212.8   0.152015
212.6   0.154277
212.4   0.156535
212.2   0.158762
212     0.160923
211.8   0.163073
211.6   0.165197
211.4   0.167227
211.2   0.169191
211     0.171082
210.8   0.172815
210.6   0.174405
210.4   0.175892
210.2   0.177275
210     0.178566
209.8   0.179763
209.6   0.180862
209.4   0.181846
209.2   0.182749
209     0.183638
208.8   0.184478
208.6   0.185224
208.4   0.186012
208.2   0.186824
208     0.18755
207.8   0.188258
207.6   0.18898
207.4   0.189683
207.2   0.190397
207     0.191142
206.8   0.191865
206.6   0.192444
206.4   0.192917
206.2   0.193387
206     0.193834
205.8   0.194231
205.6   0.194538
205.4   0.19481
205.2   0.19506
205     0.195321
204.8   0.195633
204.6   0.195999
204.4   0.196409
204.2   0.19683
204     0.197363
203.8   0.198068
203.6   0.198868
203.4   0.199739
203.2   0.200712
203     0.201851
202.8   0.203112
202.6   0.204456
202.4   0.20601
202.2   0.207669
202     0.209367
201.8   0.211263
201.6   0.213459
201.4   0.215837
201.2   0.218389
201     0.221217
200.8   0.22432
200.6   0.227677
200.4   0.231461
200.2   0.235714
200     0.240277
199.8   0.245239
199.6   0.250771
199.4   0.256878
199.2   0.26351
199     0.270735
198.8   0.278616
198.6   0.28728
198.4   0.296741
198.2   0.30701
198     0.318143
197.8   0.330097
197.6   0.342804
197.4   0.356398
197.2   0.370781
197     0.385769
196.8   0.401009
196.6   0.416304
196.4   0.431777
196.2   0.447639
196     0.464823
195.8   0.483913
195.6   0.504613
195.4   0.526557
195.2   0.549357
195     0.572953
194.8   0.597192
194.6   0.621696
194.4   0.645989
194.2   0.66898
194     0.690003
193.8   0.709122
193.6   0.726919
193.4   0.744216
193.2   0.760966
193     0.776727
192.8   0.791463
192.6   0.80477
192.4   0.816044
192.2   0.824315
192     0.828511
191.8   0.828814
191.6   0.825894
191.4   0.821186
191.2   0.816854
191     0.813592
190.8   0.811162
190.6   0.809031
190.4   0.808245
190.2   0.809943
190     0.813787