INT1A
charge=0, multiplicity=1
Zr   0.862480   0.046200   0.022520
C    2.583920   1.903840  -0.484500
C    1.621470   1.915930  -1.539770
C    1.931620   2.299440   0.702780
H    3.623990   1.624000  -0.578840
C    0.391040   2.374470  -1.000920
H    1.811010   1.672890  -2.576980
C    0.568450   2.580440   0.384230
H    2.371000   2.351200   1.689500
H   -0.543980   2.452790  -1.537490
H   -0.195660   2.874240   1.090370
C    2.238450  -2.047900   0.683330
C    1.090440  -2.522090  -0.008380
C    3.028340  -1.311150  -0.227470
H    2.440610  -2.184670   1.735820
C    1.187200  -2.100880  -1.357940
H    0.285330  -3.099890   0.424900
C    2.371560  -1.333050  -1.495150
H    3.968280  -0.824960  -0.005150
H    0.458070  -2.285580  -2.135360
H    2.731530  -0.874140  -2.405970
Cl   0.368070  -0.098740   2.451080
N   -2.671260  -1.140840   0.789190
O   -0.986750  -0.168610  -0.588610
C   -3.124540  -0.669210  -1.568710
H   -3.885110  -1.456970  -1.628440
H   -2.634020  -0.598580  -2.545280
C   -3.776030   0.664520  -1.178550
H   -4.563060   0.928200  -1.894270
H   -3.017580   1.456110  -1.224860
C   -4.337420   0.582550   0.248750
H   -4.747050   1.550070   0.561600
H   -5.156750  -0.147360   0.278720
C   -3.244100   0.142810   1.226300
H   -3.658140  -0.000140   2.229700
H   -2.474340   0.928220   1.297730
C   -2.084060  -1.092610  -0.526850
H   -1.695700  -2.094290  -0.760790
H   -1.960160  -1.428630   1.457690

TS1A
charge=0, multiplicity=1
Zr   0.941710  -0.017550  -0.120110
C    2.417410   2.122020   0.415280
C    1.880070   2.266230  -0.899260
C    1.351950   2.171630   1.330680
H    3.457310   1.949450   0.655180
C    0.483080   2.486770  -0.774970
H    2.445120   2.274620  -1.822380
C    0.147810   2.388800   0.591040
H    1.416090   2.036580   2.401790
H   -0.204670   2.612040  -1.599990
H   -0.841260   2.457780   1.022760
C    2.281250  -2.017630   0.973610
C    1.777490  -2.477810  -0.277170
C    3.250330  -1.024840   0.718950
H    1.944690  -2.344110   1.947470
C    2.441690  -1.770060  -1.304370
H    1.005790  -3.223280  -0.413240
C    3.331630  -0.846150  -0.691910
H    3.795250  -0.462770   1.465150
H    2.258680  -1.867510  -2.365550
H    3.985810  -0.156730  -1.209600
Cl  -0.625620  -0.650860   1.816800
N   -2.808640  -1.135750  -1.115560
O   -0.227560  -0.351160  -1.515510
C   -3.247710   1.235830  -0.738760
H   -4.051440   1.629400  -1.380380
H   -2.490760   2.025880  -0.692310
C   -3.764950   0.848580   0.653550
H   -4.436380   1.625560   1.029680
H   -2.913950   0.771460   1.337220
C   -4.480980  -0.507470   0.588010
H   -4.849660  -0.801260   1.574830
H   -5.350660  -0.445140  -0.079400
C   -3.523490  -1.590320   0.090370
H   -4.053520  -2.510400  -0.173430
H   -2.758460  -1.815480   0.840390
C   -2.630730   0.097020  -1.470380
H   -2.028490   0.265350  -2.351990
H   -2.170470  -1.790920  -1.562380

INT2A
charge=0, multiplicity=1
Zr   1.058570  -0.017640  -0.065850
C    1.984240   2.313120   0.544170
C    1.522360   2.374640  -0.803610
C    0.865430   2.115660   1.380540
H    3.015710   2.374130   0.862810
C    0.105020   2.272530  -0.782110
H    2.135990   2.519250  -1.682950
C   -0.299580   2.088340   0.557000
H    0.881030   1.980720   2.453290
H   -0.537800   2.264220  -1.650820
H   -1.307570   1.917950   0.905440
C    2.669710  -1.817100   0.862630
C    2.309290  -2.240480  -0.444890
C    3.419090  -0.621510   0.747450
H    2.376730  -2.296280   1.785710
C    2.853650  -1.318080  -1.371430
H    1.692450  -3.094140  -0.688710
C    3.527810  -0.306880  -0.639400
H    3.831190  -0.047670   1.566750
H    2.716050  -1.344120  -2.443380
H    4.051600   0.541360  -1.059370
Cl  -0.361020  -0.987250   1.743090
N   -2.669740  -0.057000  -1.388140
O    0.017020  -0.603510  -1.626460
C   -4.242170   0.994600   0.241010
H   -5.231590   1.228560  -0.180140
H   -3.995950   1.835530   0.902140
C   -4.267510  -0.337620   1.000060
H   -5.141980  -0.389130   1.656650
H   -3.374170  -0.412990   1.631720
C   -4.259050  -1.484270  -0.017040
H   -4.291510  -2.458020   0.483080
H   -5.152470  -1.418000  -0.652950
C   -2.996900  -1.398510  -0.881180
H   -3.068740  -2.055440  -1.755150
H   -2.119680  -1.729810  -0.313110
C   -3.239540   0.968050  -0.889490
H   -2.954390   1.938300  -1.309470
H   -0.889550  -0.253480  -1.803820

INT1B
charge=0, multiplicity=1
Zr  -0.953680  -0.009750  -0.040890
C   -2.482330   1.087270   1.678080
C   -1.823200   2.175720   1.048850
C   -3.363850   0.497630   0.721030
H   -2.377540   0.792350   2.713910
C   -2.239760   2.221170  -0.298860
H   -1.061200   2.797800   1.496660
C   -3.203620   1.188320  -0.498690
H   -4.019000  -0.344870   0.895090
H   -1.874550   2.897430  -1.059080
H   -3.692220   0.956370  -1.434730
C   -0.577580  -2.508890  -0.566280
C    0.466690  -2.125870   0.306260
C   -1.808360  -2.417920   0.139420
H   -0.466600  -2.767220  -1.609160
C   -0.114400  -1.804260   1.564550
H    1.504240  -1.999670   0.030200
C   -1.516010  -2.003110   1.466580
H   -2.789130  -2.642860  -0.258340
H    0.418080  -1.462770   2.442490
H   -2.235750  -1.852040   2.259170
Cl  -0.878510   0.013060  -2.523870
N    2.530760   0.054800  -0.945530
O    0.731300   0.980920   0.237450
C    2.837830   0.654290   1.400530
H    2.501220  -0.341910   1.709560
H    2.531880   1.367480   2.173470
C    4.361170   0.662400   1.199180
H    4.870240   0.354460   2.119340
H    4.690420   1.689340   0.986630
C    4.758860  -0.245220   0.024740
H    5.833960  -0.169520  -0.174890
H    4.542830  -1.290950   0.277330
C    3.966430   0.130690  -1.232170
H    4.191740  -0.558500  -2.052620
H    4.277760   1.141880  -1.560460
C    2.120620   1.002670   0.092550
H    2.396210   2.041830  -0.187400
H    1.978410   0.239180  -1.781230

TS1B
charge=0, multiplicity=1
Zr   1.044380  -0.070200   0.090010
C    2.068190   1.688860  -1.421620
C    0.738690   2.118220  -1.146340
C    2.806280   1.744490  -0.212310
H    2.450050   1.390510  -2.387540
C    0.671510   2.466170   0.228870
H   -0.069260   2.190110  -1.860790
C    1.938460   2.222910   0.808780
H    3.840250   1.455850  -0.078720
H   -0.210280   2.799420   0.757510
H    2.195670   2.337240   1.852350
C    0.546570  -2.535090  -0.299830
C   -0.451800  -1.826620  -1.017080
C    1.804170  -2.292820  -0.920270
H    0.382910  -3.148980   0.575800
C    0.195230  -1.098780  -2.047900
H   -1.494730  -1.747570  -0.711930
C    1.593000  -1.399140  -1.996420
H    2.757120  -2.687240  -0.595700
H   -0.287120  -0.454350  -2.771070
H    2.350510  -1.036730  -2.677490
Cl   2.469870  -0.838490   1.919690
N   -2.745240  -0.789070   1.032830
O   -0.774840   0.097770   1.162260
C   -2.510670   1.170030  -0.453760
H   -2.065010   0.570920  -1.255360
H   -2.120560   2.194010  -0.519600
C   -4.051760   1.180290  -0.594020
H   -4.334000   1.608230  -1.562770
H   -4.465760   1.850520   0.174230
C   -4.654690  -0.223510  -0.408060
H   -5.750730  -0.164480  -0.448550
H   -4.326470  -0.871250  -1.231760
C   -4.181000  -0.842710   0.928850
H   -4.514620  -1.885090   0.995960
H   -4.698890  -0.296520   1.751440
C   -2.228840   0.505410   0.893820
H   -2.442070   1.240720   1.705790
H   -1.244640  -0.808250   1.469100

INT2B
charge=0, multiplicity=1
Zr  -1.047400  -0.073710  -0.079300
C   -2.064530   1.678210   1.440720
C   -0.751630   2.130880   1.127170
C   -2.834980   1.707770   0.250040
H   -2.415810   1.383080   2.419170
C   -0.726590   2.465410  -0.253100
H    0.072940   2.226200   1.819560
C   -2.003440   2.193280  -0.797370
H   -3.866840   1.399550   0.146670
H    0.134690   2.809330  -0.808100
H   -2.289380   2.292360  -1.834980
C   -0.513670  -2.527250   0.296960
C    0.507590  -1.806890   0.969550
C   -1.747720  -2.293860   0.966280
H   -0.380540  -3.143360  -0.582320
C   -0.104820  -1.082630   2.024740
H    1.536290  -1.713710   0.613150
C   -1.500580  -1.394440   2.030830
H   -2.709290  -2.699710   0.683330
H    0.400080  -0.432400   2.727050
H   -2.232680  -1.037000   2.741730
Cl  -2.475980  -0.880600  -1.888690
N    2.770830  -0.804430  -1.061320
O    0.746450   0.123470  -1.239110
C    2.475960   1.197640   0.367310
H    2.005100   0.629020   1.176270
H    2.071590   2.218020   0.372800
C    4.006680   1.230460   0.575860
H    4.243220   1.703940   1.535770
H    4.452490   1.866380  -0.203840
C    4.612550  -0.178510   0.476400
H    5.705850  -0.123650   0.566550
H    4.241840  -0.793830   1.307400
C    4.199240  -0.838230  -0.860490
H    4.542180  -1.879890  -0.881600
H    4.761230  -0.313230  -1.668890
C    2.250850   0.473850  -0.965290
H    2.457170   1.193360  -1.795340
H    1.060530  -0.756700  -1.610370

INT3
charge=0, multiplicity=1
N   -0.658650  -1.359350   0.054360
C    1.464560  -0.034350  -0.102710
H    1.856360   0.069690  -1.125790
H    2.343890  -0.184320   0.536340
C    0.676310   1.216570   0.304850
H    1.211380   2.125270   0.009730
H    0.577340   1.245420   1.397760
C   -0.718660   1.155480  -0.326350
H   -1.315250   2.036670  -0.064660
H   -0.621780   1.147450  -1.420270
C   -1.440250  -0.120130   0.128560
H   -2.351510  -0.278280  -0.460130
H   -1.772560  -0.016570   1.171570
C    0.607220  -1.283460  -0.054950
H    1.147610  -2.234530  -0.121490

TS3
charge=0, multiplicity=1
N    1.358230   0.092440  -0.020950
C    3.592770   1.168800   0.097270
H    3.889660   1.483050   1.109730
H    3.921570   1.981720  -0.561830
C    4.230910  -0.174740  -0.274410
H    5.271090  -0.203050   0.060710
H    4.242030  -0.287430  -1.364970
C    3.413120  -1.310280   0.347420
H    3.836120  -2.287930   0.098530
H    3.421630  -1.223680   1.441090
C    1.973330  -1.253550  -0.155570
H    1.332660  -1.950430   0.388680
H    1.912860  -1.521510  -1.215990
C    2.096070   1.140590   0.086430
H    1.574120   2.089550   0.192050
Si  -0.608230   0.142500  -0.021820
C   -0.903240  -0.780640  -1.620370
H   -0.662710  -1.845430  -1.540610
H   -1.977570  -0.680280  -1.803460
H   -0.339640  -0.352140  -2.456670
C   -0.954800   1.976520  -0.051060
H   -0.528140   2.484060  -0.922870
H   -2.049320   2.022110  -0.108730
H   -0.634430   2.491880   0.860870
C   -0.913550  -0.728630   1.605820
H   -1.966930  -0.535620   1.829560
H   -0.780190  -1.812760   1.536320
H   -0.279160  -0.344780   2.412410
N   -3.437700   0.189640  -0.050020
N   -4.599430  -0.120110   0.015320
N   -5.731980  -0.409210   0.075290

INT4
charge=1, multiplicity=1
N    0.262730   0.080790  -0.023670
C    2.408660   1.317560   0.058410
H    2.681140   1.685620   1.060620
H    2.663560   2.143930  -0.617490
C    3.147410   0.019790  -0.288650
H    4.181530   0.076670   0.058000
H    3.181430  -0.104990  -1.376730
C    2.416560  -1.166940   0.345650
H    2.908600  -2.112190   0.101360
H    2.419380  -1.075130   1.438380
C    0.977130  -1.228140  -0.155870
H    0.392540  -1.966620   0.397430
H    0.933280  -1.500020  -1.215990
C    0.924930   1.184890   0.068570
H    0.340000   2.097360   0.174660
Si  -1.631770   0.003860  -0.003190
C   -2.046620  -1.000120  -1.522720
H   -1.651640  -2.019040  -1.472080
H   -3.135570  -1.079050  -1.614390
H   -1.674380  -0.527520  -2.437200
C   -2.224720   1.773650  -0.089410
H   -1.869900   2.298850  -0.981920
H   -3.319440   1.759010  -0.143960
H   -1.962570   2.359610   0.797300
C   -2.041980  -0.838030   1.613960
H   -3.131310  -0.879640   1.726640
H   -1.674220  -1.867120   1.664860
H   -1.645020  -0.285340   2.471200

TS4
charge=1, multiplicity=1
N    2.670220   0.096090  -0.065720
C    3.368170  -2.013630   0.956330
H    3.184440  -2.603070   1.857130
H    4.412810  -1.680470   0.992610
C    3.109140  -2.836260  -0.325980
H    2.327580  -3.576490  -0.129240
H    4.015040  -3.394540  -0.576050
C    2.682090  -1.933660  -1.506640
H    3.052900  -2.329760  -2.455870
H    1.589400  -1.903720  -1.587810
C    3.184800  -0.498680  -1.325760
H    2.864120   0.127710  -2.161850
H    4.281880  -0.473690  -1.306930
C    2.544580  -0.745130   0.994990
H    2.495780  -0.248950   1.963130
Si   2.093430   1.818690  -0.085470
C    3.522810   2.850210  -0.718170
H    3.836080   2.543160  -1.721130
H    3.232930   3.904900  -0.775540
H    4.390800   2.777150  -0.055480
C    1.608930   2.247440   1.676850
H    2.449870   2.173590   2.374050
H    1.258850   3.284910   1.705970
H    0.790220   1.623280   2.050140
C    0.611360   1.894580  -1.239880
H    0.261910   2.929170  -1.327880
H    0.857250   1.550690  -2.249790
H   -0.225470   1.293910  -0.870680
C    0.792770  -1.333330   1.072630
N   -0.320170  -1.039590   0.866790
C   -1.636370  -0.710500   0.622870
C   -2.179630  -0.934170  -0.649900
C   -2.412510  -0.143500   1.651950
C   -3.500150  -0.589350  -0.904500
H   -1.567560  -1.377270  -1.427940
C   -3.724360   0.198560   1.394600
H   -1.978600   0.016330   2.632840
C   -4.284010  -0.019910   0.117380
H   -3.912080  -0.766760  -1.889260
H   -4.351890   0.635780   2.162540
O   -5.566410   0.348390  -0.017670
C   -6.229110   0.152710  -1.272690
H   -7.244340   0.518750  -1.126860
H   -5.742920   0.727770  -2.068620
H   -6.257110  -0.909040  -1.541420

INT5
charge=1, multiplicity=1
N    2.553350   0.264490   0.163640
C    2.390460   2.506080  -0.977670
H    1.561890   3.066870  -1.425230
H    3.257270   2.649490  -1.627190
C    2.684550   3.004330   0.448500
H    2.540820   4.087220   0.495140
H    3.732490   2.808460   0.698010
C    1.784050   2.280450   1.450830
H    1.893450   2.693400   2.457360
H    0.731160   2.428850   1.175150
C    2.133100   0.781000   1.488030
H    1.281410   0.208610   1.888610
H    2.972580   0.625560   2.171900
C    2.050740   0.980730  -0.974910
H    2.432870   0.530060  -1.895630
Si   3.071630  -1.446490   0.013960
C    4.127820  -1.826910   1.514690
H    3.554260  -1.803220   2.446320
H    4.553460  -2.831620   1.420230
H    4.959990  -1.121700   1.606630
C    4.037440  -1.605580  -1.590720
H    4.846760  -0.870670  -1.647850
H    4.494200  -2.600310  -1.637060
H    3.416250  -1.505970  -2.487420
C    1.536060  -2.547530  -0.029040
H    1.811800  -3.607310  -0.043800
H    0.907960  -2.384640   0.854340
H    0.931640  -2.359440  -0.924400
C    0.557240   0.770360  -1.027310
N   -0.548020   0.523420  -0.769660
C   -1.856730   0.198030  -0.487240
C   -2.841210   1.195340  -0.525440
C   -2.176420  -1.134770  -0.160080
C   -4.156800   0.866880  -0.233110
H   -2.572730   2.214200  -0.782540
C   -3.486280  -1.454740   0.128630
H   -1.398770  -1.889910  -0.136910
C   -4.490770  -0.462140   0.096060
H   -4.913350   1.639820  -0.263940
H   -3.773580  -2.468020   0.384300
O   -5.724810  -0.887390   0.392690
C   -6.817790   0.041190   0.382420
H   -7.697420  -0.542170   0.649940
H   -6.664860   0.835210   1.121370
H   -6.953940   0.475510  -0.613890

TS5
charge=0, multiplicity=1
N   -2.708890   0.385470  -0.323280
C   -2.640080  -1.243080  -2.226400
H   -3.422150  -0.737030  -2.805300
H   -1.928790  -1.674690  -2.940030
C   -3.265680  -2.309030  -1.324280
H   -3.809300  -3.034630  -1.938810
H   -2.482810  -2.844540  -0.775200
C   -4.199690  -1.628640  -0.317330
H   -4.636580  -2.370950   0.358160
H   -5.022540  -1.126920  -0.844800
C   -3.418340  -0.612910   0.516690
H   -4.101550  -0.055200   1.166190
H   -2.715990  -1.161530   1.154560
C   -1.937630  -0.138040  -1.413540
H   -1.689100   0.683270  -2.101070
C   -0.539650  -0.549900  -0.983020
N    0.564490  -0.485410  -0.622340
N   -1.241010  -2.964350   1.339340
C    1.930600  -0.270740  -0.515330
C    2.644890  -0.711570   0.601010
C    2.566580   0.408820  -1.573550
C    4.012580  -0.463770   0.664910
H    2.083560  -1.205300   1.398250
C    3.924940   0.647400  -1.500920
H    1.991160   0.739530  -2.432080
C    4.660180   0.211580  -0.380590
H    4.560660  -0.801680   1.535170
H    4.448880   1.168230  -2.294230
C    6.798460   0.088560   0.682360
H    7.808840   0.417650   0.438840
H    6.789700  -1.001090   0.805010
H    6.475980   0.562680   1.617050
O    5.983270   0.494820  -0.415060
N   -0.479040  -2.176600   1.785550
N    0.277550  -1.373410   2.230610
Si  -2.293800   1.924750   0.479300
C   -1.042810   2.825160  -0.616920
C   -1.577070   1.586960   2.180440
C   -3.874110   2.943770   0.601340
H   -1.416630   2.996260  -1.632680
H   -0.082420   2.302770  -0.681760
H   -0.839550   3.809400  -0.180830
H   -0.838750   0.773790   2.163470
H   -2.363300   1.287040   2.881850
H   -1.100560   2.486250   2.587770
H   -4.657490   2.401660   1.141330
H   -4.263620   3.193350  -0.390910
H   -3.691400   3.879310   1.142080

INT6
charge=0, multiplicity=1
N   -1.961260   0.868180  -0.429020
C   -1.705320  -0.863560  -2.216480
H   -1.479050  -0.147590  -3.016540
H   -1.164010  -1.788540  -2.448020
C   -3.219050  -1.105620  -2.186850
H   -3.557190  -1.437950  -3.175170
H   -3.458670  -1.905590  -1.477800
C   -3.938980   0.181860  -1.771170
H   -5.021610   0.019310  -1.709560
H   -3.764230   0.960150  -2.525860
C   -3.420650   0.676040  -0.417040
H   -3.885250   1.637700  -0.181210
H   -3.732210  -0.032690   0.364120
C   -1.148650  -0.256790  -0.908180
H   -0.163210   0.145390  -1.147950
C   -0.887900  -1.297170   0.187310
N    0.224860  -1.625540   0.729520
N   -2.085730  -1.866190   0.702550
C    1.469000  -1.157480   0.274650
C    2.355990  -0.615150   1.213460
C    1.901040  -1.269510  -1.061130
C    3.609680  -0.135190   0.833610
H    2.042600  -0.555480   2.250670
C    3.154290  -0.811640  -1.444420
H    1.249420  -1.735630  -1.793530
C    4.014690  -0.228260  -0.504100
H    4.258530   0.296960   1.585590
H    3.492550  -0.896500  -2.471700
C    6.130590   0.796290  -0.079170
H    7.008870   1.067510  -0.666930
H    6.429700   0.097230   0.713280
H    5.712580   1.701020   0.382320
O    5.218020   0.201090  -0.988250
N   -1.941660  -2.655310   1.655490
N   -1.943170  -3.393270   2.517220
Si  -1.207410   2.076280   0.612130
C    0.491600   2.500360  -0.090910
C   -1.009530   1.456130   2.388610
C   -2.292030   3.621680   0.613290
H    0.426770   2.763450  -1.152010
H    1.213720   1.685860   0.016590
H    0.898550   3.366910   0.442950
H   -0.385660   0.556940   2.419250
H   -1.980800   1.201550   2.827360
H   -0.541880   2.213200   3.028660
H   -3.231190   3.480630   1.157710
H   -2.533880   3.939410  -0.406260
H   -1.754930   4.443020   1.101050

TS6
charge=0, multiplicity=1
N   -2.082500   0.765160  -0.410880
C   -1.916420  -1.080220  -2.086130
H   -1.774530  -0.412880  -2.945720
H   -1.361350  -2.002270  -2.296480
C   -3.413590  -1.363820  -1.918090
H   -3.818340  -1.764520  -2.854740
H   -3.562630  -2.123230  -1.144270
C   -4.141980  -0.074940  -1.520040
H   -5.207910  -0.268880  -1.351770
H   -4.064290   0.659540  -2.332870
C   -3.527390   0.521310  -0.249790
H   -4.008010   1.478690  -0.028870
H   -3.727000  -0.150670   0.596040
C   -1.283690  -0.367580  -0.870780
H   -0.323010   0.031630  -1.203480
C   -0.923440  -1.339950   0.270130
N    0.241810  -1.547460   0.753380
N   -2.039300  -1.966220   0.887320
C    1.473840  -1.090490   0.283230
C    2.358050  -0.485160   1.184690
C    1.880760  -1.252020  -1.055550
C    3.594080   0.002100   0.762010
H    2.057650  -0.386800   2.222440
C    3.112890  -0.776620  -1.480600
H    1.224810  -1.762910  -1.753240
C    3.976150  -0.136750  -0.579190
H    4.246530   0.479660   1.482530
H    3.434370  -0.892680  -2.510050
C    6.075200   0.952300  -0.236720
H    6.934710   1.218110  -0.853650
H    6.405390   0.292400   0.576360
H    5.645210   1.865540   0.195530
O    5.157970   0.299970  -1.102420
N   -1.555690  -2.630880   1.885650
N   -0.553520  -2.893390   2.402420
Si  -1.295560   2.056800   0.499150
C    0.350320   2.460730  -0.331290
C   -0.988560   1.563900   2.299270
C   -2.410780   3.579060   0.453030
H    0.217590   2.649760  -1.401810
H    1.096070   1.669590  -0.213150
H    0.767800   3.369300   0.117750
H   -0.345030   0.680320   2.358420
H   -1.929600   1.320910   2.804960
H   -0.505700   2.372160   2.860600
H   -3.313240   3.461890   1.061260
H   -2.718800   3.814560  -0.570920
H   -1.864780   4.444160   0.846110

INT7
charge=0, multiplicity=1
N   -2.118930   0.766700  -0.362750
C   -2.218800  -1.101190  -2.002970
H   -2.186230  -0.419500  -2.861770
H   -1.714640  -2.029310  -2.298690
C   -3.679250  -1.366730  -1.618480
H   -4.222530  -1.765910  -2.482640
H   -3.717670  -2.123420  -0.827660
C   -4.330070  -0.070860  -1.118280
H   -5.356420  -0.260100  -0.782550
H   -4.378430   0.659990  -1.936480
C   -3.518290   0.528050   0.035410
H   -3.956020   1.484890   0.334710
H   -3.574700  -0.146300   0.902710
C   -1.422690  -0.422930  -0.866620
H   -0.475320  -0.084680  -1.291630
C   -1.076580  -1.393530   0.248210
N    0.179500  -1.640140   0.713370
N    0.080920  -2.458050   1.802420
N   -1.177250  -2.690840   1.965140
N   -1.923810  -2.055380   1.022510
C    1.443740  -1.159660   0.271070
C    2.301420  -0.547890   1.182760
C    1.817530  -1.288310  -1.071640
C    3.528210  -0.039570   0.757780
H    2.004910  -0.471210   2.222420
C    3.028940  -0.768250  -1.502930
H    1.160690  -1.798410  -1.768370
C    3.891920  -0.137050  -0.592850
H    4.180650   0.433890   1.480280
H    3.338330  -0.848370  -2.538900
C    5.973120   0.988260  -0.252260
H    6.815170   1.284180  -0.878750
H    6.329110   0.314790   0.537700
H    5.531550   1.882150   0.206490
O    5.052080   0.336990  -1.118980
Si  -1.203130   2.059910   0.406890
C    0.380360   2.344980  -0.581780
H    0.163080   2.475690  -1.647190
H    1.107570   1.534980  -0.477900
H    0.865150   3.261920  -0.227630
C   -2.249630   3.629700   0.373760
H   -1.644510   4.484170   0.697450
H   -3.115290   3.574980   1.041280
H   -2.613600   3.838850  -0.637310
C   -0.764530   1.647270   2.200800
H   -0.200020   2.458120   2.675610
H   -0.159900   0.737000   2.262930
H   -1.669150   1.476990   2.794580

INT8
charge=0, multiplicity=1
N    2.344910  -0.775450  -1.061960
C    1.787280  -0.867610   1.345300
H    0.719970  -1.009530   1.153710
H    1.883160  -0.314120   2.285460
C    2.477060  -2.235510   1.440140
H    1.993200  -2.847820   2.208750
H    3.520640  -2.096540   1.755380
C    2.450910  -2.946820   0.080270
H    2.994680  -3.896770   0.128450
H    1.414190  -3.172670  -0.198570
C    3.069470  -2.052200  -0.996500
H    3.005960  -2.528620  -1.980300
H    4.142600  -1.908280  -0.767760
C    2.409480  -0.031700   0.210310
H    3.454710   0.184660   0.491850
H    2.744850  -0.194370  -1.795440
C    1.785260   1.324670   0.049890
N    0.473950   1.662040  -0.097610
N    0.405540   3.021790  -0.189320
N    1.615430   3.461950  -0.102050
N    2.496480   2.440690   0.042050
C   -0.735180   0.900350  -0.137750
C   -1.848760   1.378240   0.551080
C   -0.813890  -0.283660  -0.880520
C   -3.051910   0.674340   0.509760
H   -1.773870   2.303410   1.110550
C   -2.006100  -0.992560  -0.907170
H    0.069700  -0.647640  -1.395310
C   -3.134140  -0.519830  -0.218740
H   -3.906560   1.062060   1.049580
H   -2.093480  -1.916400  -1.468540
C   -5.432880  -0.859480   0.341790
H   -6.191720  -1.611510   0.122190
H   -5.288590  -0.798790   1.428330
H   -5.771840   0.115650  -0.031010
O   -4.251430  -1.291160  -0.320280

PhCH2NC
charge=0, multiplicity=1
C    0.733870  -1.158840  -0.000070
C   -0.652350  -1.010900  -0.000140
C   -1.215550   0.272400  -0.000130
C   -0.378740   1.400560  -0.000010
C    0.998520   1.251990   0.000100
C    1.562790  -0.034030   0.000080
H    1.179450  -2.147520  -0.000130
H   -1.276000  -1.895920  -0.000160
H   -0.837280   2.383180   0.000060
H    1.649880   2.118930   0.000260
N    2.938730  -0.185630   0.000050
C    4.113130  -0.312270   0.000010
C   -3.455250  -0.563300   0.000290
H   -4.454880  -0.127320   0.000400
H   -3.333260  -1.187660  -0.894110
H   -3.332820  -1.187150   0.895040
O   -2.550580   0.533640  -0.000310

Cp2Zr(OH)Cl
charge=0, multiplicity=1
Zr  -0.005930   0.095090   0.229620
C   -1.703630  -0.748660  -1.485560
C   -1.601070  -1.759490  -0.484570
C   -2.312210   0.386100  -0.894840
H   -1.384310  -0.834980  -2.515630
C   -2.143660  -1.240050   0.717670
H   -1.196480  -2.752720  -0.624390
C   -2.568230   0.090020   0.469130
H   -2.495160   1.332940  -1.381760
H   -2.173740  -1.743800   1.673780
H   -2.978480   0.771330   1.201400
C    2.093000   0.034640  -1.261280
C    2.564870   0.278950   0.061670
C    1.541280  -1.264460  -1.296060
H    2.123110   0.740710  -2.079250
C    2.314860  -0.877910   0.833850
H    3.014990   1.199160   0.407370
C    1.650570  -1.825270   0.011270
H    1.098300  -1.746340  -2.156760
H    2.545540  -1.010280   1.882330
H    1.327950  -2.812960   0.311960
Cl   0.090540   2.486360  -0.378870
O   -0.108830   0.237480   2.220220
H    0.672340   0.441920   2.747500

TMSN3
charge=0, multiplicity=1
Si   0.663510  -0.000110   0.020110
C    1.999180   0.002320  -1.293090
H    1.920870  -0.882850  -1.931930
H    1.917470   0.887310  -1.931750
H    2.994890   0.004180  -0.836630
C    0.718300   1.544760   1.093400
H    0.670080   2.452010   0.482980
H   -0.120600   1.567660   1.797500
H    1.643790   1.580030   1.679290
C    0.717290  -1.549390   1.087070
H   -0.120310  -1.573320   1.792700
H    0.665990  -2.454100   0.473140
H    1.643810  -1.588910   1.671040
N   -0.863420   0.002300  -0.904470
N   -1.970500   0.001010  -0.379030
N   -3.039460   0.000030   0.026060

N3-
charge=-1, multiplicity=1
N    1.169680  -0.205650   0.000000
N    0.000000   0.000620   0.000000
N   -1.169680   0.205020   0.000000

H2O
charge=0, multiplicity=1
O    0.000000   0.000000   0.119180
H    0.000000  -0.759330  -0.476720
H    0.000000   0.759330  -0.476720

Me3SiOH
charge=0, multiplicity=1
Si  -0.005230   0.000000   0.038190
C   -1.765510  -0.000010  -0.610010
H   -2.309230  -0.884670  -0.263480
H   -2.309260   0.884610  -0.263410
H   -1.784370   0.000040  -1.705430
C    0.918670  -1.538010  -0.543010
H    0.988150  -1.560670  -1.636810
H    1.941610  -1.574560  -0.150910
H    0.404340  -2.449720  -0.221420
C    0.918660   1.538020  -0.543010
H    0.404320   2.449720  -0.221440
H    1.941590   1.574580  -0.150890
H    0.988170   1.560670  -1.636810
O   -0.160470   0.000000   1.709860
H    0.660670  -0.000020   2.213190

